43,226,41.0,193.0
99,615,95.0,573.0
206,47,208,16
258,579,254.0,538.0
297,441,295.0,365.0
306,581,303.0,502.0
341,259,338.0,215.0
59,564,57.0,527.0
131,563,127.0,530.0
146,136,145.0,95.0
206,351,203.0,307.0
235,75,232,37
273,617,270.0,577.0
285,160,282.0,188.0
327,284,324.0,237.0
340,54,338,14
352,241,350.0,195.0
415,236,411.0,205.0
157,277,155.0,234.0
264,524,259.0,432.0
318,219,316.0,173.0
369,154,368.0,261.0
413,602,410.0,571.0
164,168,162.0,135.0
196,129,193,86
252,433,249.0,389.0
276,68,274,26
309,461,306.0,417.0
334,278,331.0,253.0
400,145,398.0,60.0
414,431,410.0,399.0
13,82,11.0,41.0
12,88,10.0,47.0
14,95,12.0,55.0
14,100,12.0,60.0
14,105,12.0,65.0
14,110,12.0,70.0
14,125,15.0,180.0
14,130,12.0,90.0
14,140,12.0,99.0
14,146,12.0,105.0
14,160,12.0,120.0
14,175,12.0,134.0
13,266,10.0,223.0
12,286,14.0,243.0
10,334,13.0,290.0
11,343,20.0,299.0
10,393,13.0,350.0
14,540,20.0,500.0
13,623,17.0,581.0
16,60,14,19
15,130,15.0,166.0
15,175,13.0,135.0
15,183,13.0,142.0
15,185,13.0,145.0
15,192,13.0,151.0
16,202,14.0,161.0
16,207,14.0,166.0
17,215,15.0,174.0
17,225,15.0,190.0
19,250,17.0,209.0
17,257,14.0,216.0
17,276,15.0,233.0
15,298,12.0,255.0
16,387,14.0,344.0
15,404,15.0,365.0
16,427,12.0,390.0
18,439,19.0,399.0
15,629,20.0,597.0
20,61,19,21
20,256,17.0,215.0
20,262,17.0,222.0
20,402,18.0,364.0
22,446,26.0,407.0
20,456,17.0,419.0
20,523,15.0,486.0
20,562,15.0,525.0
21,579,27.0,538.0
22,615,23.0,560.0
22,629,26.0,593.0
28,65,32.0,32.0
25,102,23.0,64.0
25,126,23.0,88.0
25,242,23.0,211.0
25,400,22.0,362.0
28,484,26.0,446.0
28,502,24.0,464.0
32,91,30.0,53.0
31,102,30.0,65.0
30,125,27.0,88.0
30,177,28.0,138.0
31,198,28.0,160.0
30,276,32.0,233.0
30,343,27.0,299.0
30,368,27.0,318.0
31,414,40.0,371.0
30,421,32.0,381.0
34,451,34.0,412.0
31,458,28.0,420.0
31,471,38.0,433.0
34,499,32.0,520.0
34,530,30.0,493.0
30,561,26.0,524.0
32,615,40.0,608.0
30,623,26.0,581.0
38,59,36,24
37,74,36.0,37.0
36,323,34.0,279.0
37,520,42.0,480.0
38,616,44.0,574.0
43,75,41.0,38.0
42,85,41.0,40.0
42,110,40.0,65.0
42,115,40.0,76.0
42,120,40.0,82.0
42,125,40.0,87.0
40,146,38.0,107.0
42,177,40.0,138.0
41,186,39.0,148.0
40,215,37.0,180.0
42,276,45.0,233.0
40,287,41.0,246.0
43,298,40.0,255.0
44,496,41.0,501.0
41,590,47.0,548.0
42,607,37.0,597.0
47,69,45.0,31.0
46,85,45.0,47.0
45,171,43.0,133.0
45,276,44.0,233.0
48,298,46.0,255.0
46,354,43.0,320.0
45,438,47.0,396.0
49,477,46.0,439.0
45,601,44.0,559.0
47,623,42.0,581.0
54,107,53.0,70.0
54,115,52.0,80.0
54,182,52.0,144.0
51,192,47.0,154.0
53,275,50.0,232.0
51,333,48.0,289.0
51,342,52.0,298.0
52,359,49.0,326.0
50,389,46.0,352.0
50,446,41.0,411.0
53,496,50.0,501.0
51,551,48.0,514.0
55,55,54,18
58,68,56.0,56.0
58,74,56.0,37.0
55,77,53.0,55.0
58,80,56.0,42.0
57,102,55.0,65.0
55,129,53.0,91.0
57,134,55.0,95.0
55,150,53.0,113.0
55,156,53.0,120.0
55,171,53.0,133.0
56,194,54.0,159.0
55,201,53.0,165.0
57,223,56.0,188.0
56,343,55.0,299.0
58,402,56.0,401.0
55,509,57.0,470.0
56,524,51.0,487.0
58,591,53.0,548.0
64,90,62.0,53.0
64,95,62.0,58.0
64,100,63.0,45.0
63,125,61.0,88.0
63,135,61.0,97.0
63,155,61.0,122.0
63,165,61.0,127.0
62,190,60.0,152.0
63,250,61.0,225.0
63,276,61.0,233.0
60,385,60.0,346.0
63,456,59.0,418.0
64,549,60.0,531.0
64,554,58.0,502.0
64,615,59.0,573.0
65,58,63,22
65,78,63.0,42.0
67,215,65.0,180.0
69,240,67.0,210.0
65,298,57.0,255.0
68,316,67.0,271.0
66,325,63.0,280.0
69,389,66.0,351.0
68,456,65.0,418.0
68,590,63.0,548.0
71,78,70.0,41.0
72,80,70.0,45.0
71,136,69.0,99.0
71,146,69.0,110.0
71,155,69.0,115.0
71,168,69.0,131.0
71,170,69.0,135.0
71,175,69.0,140.0
71,190,69.0,150.0
71,204,68.0,167.0
71,268,68.0,225.0
70,342,69.0,298.0
72,379,73.0,339.0
70,380,65.0,343.0
73,388,70.0,351.0
70,395,67.0,357.0
72,499,70.0,460.0
72,539,71.0,517.0
75,51,73,13
76,70,74.0,32.0
76,201,74.0,164.0
75,337,71.0,293.0
78,350,75.0,307.0
75,378,70.0,341.0
78,382,75.0,344.0
75,388,69.0,390.0
78,390,75.0,353.0
77,448,73.0,408.0
79,483,74.0,445.0
79,502,76.0,466.0
75,577,74.0,539.0
80,51,80,13
80,272,78.0,229.0
82,287,81.0,244.0
80,303,77.0,259.0
80,366,76.0,314.0
80,386,77.0,386.0
80,603,85.0,561.0
81,618,76.0,576.0
80,623,75.0,581.0
85,51,85,13
87,60,85,40
87,70,85.0,32.0
86,107,84.0,65.0
85,172,83.0,132.0
85,188,82.0,150.0
86,213,83.0,177.0
85,268,85.0,225.0
86,316,91.0,272.0
87,334,84.0,290.0
85,340,82.0,296.0
85,351,82.0,309.0
85,360,82.0,319.0
85,375,82.0,337.0
85,380,82.0,380.0
85,395,82.0,385.0
85,475,82.0,440.0
86,538,82.0,496.0
86,591,80.0,549.0
85,623,80.0,581.0
94,185,92.0,144.0
94,199,92.0,158.0
94,200,92.0,160.0
94,205,92.0,165.0
94,210,92.0,170.0
93,245,91.0,202.0
91,298,88.0,255.0
90,304,87.0,260.0
92,340,90.0,296.0
92,360,89.0,320.0
93,365,90.0,325.0
92,372,89.0,330.0
92,375,89.0,335.0
93,392,90.0,350.0
93,551,89.0,510.0
93,561,89.0,521.0
93,570,89.0,528.0
97,66,95.0,25.0
97,80,95.0,40.0
96,117,94.0,76.0
95,140,94.0,98.0
95,151,93.0,110.0
95,166,93.0,126.0
97,283,95.0,240.0
98,334,95.0,289.0
99,536,95.0,495.0
99,562,95.0,522.0
103,88,101.0,49.0
102,156,100.0,115.0
102,190,100.0,150.0
103,222,101.0,182.0
100,254,98.0,215.0
104,275,101.0,232.0
102,351,99.0,307.0
101,481,98.0,451.0
100,501,96.0,456.0
100,592,95.0,549.0
101,624,97.0,582.0
105,75,103.0,36.0
107,275,105.0,232.0
106,298,103.0,255.0
109,408,106.0,369.0
108,428,105.0,386.0
109,434,105.0,392.0
109,490,106.0,458.0
105,591,100.0,549.0
105,602,101.0,560.0
112,48,111,12
111,79,110.0,42.0
113,97,111.0,58.0
114,226,112.0,191.0
114,275,111.0,232.0
112,310,114.0,273.0
114,472,110.0,443.0
110,520,109.0,503.0
111,584,102.0,542.0
113,592,109.0,550.0
112,614,105.0,572.0
118,126,117.0,84.0
119,163,118.0,125.0
119,168,117.0,134.0
119,263,118.0,220.0
117,298,115.0,255.0
116,441,113.0,398.0
117,450,113.0,407.0
116,585,112.0,543.0
120,227,117.0,198.0
122,275,119.0,232.0
120,333,117.0,289.0
123,353,120.0,311.0
124,435,121.0,392.0
123,494,120.0,459.0
121,542,117.0,510.0
121,563,118.0,530.0
120,596,116.0,553.0
125,81,117.0,64.0
128,126,126.0,91.0
128,166,125.0,134.0
128,226,125.0,200.0
127,234,122.0,205.0
127,275,125.0,232.0
125,333,122.0,289.0
126,410,123.0,372.0
125,425,122.0,386.0
125,475,121.0,447.0
128,569,124.0,536.0
125,592,121.0,550.0
127,613,122.0,571.0
134,51,133,17
132,68,130.0,32.0
132,138,131.0,107.0
130,194,127.0,165.0
133,275,130.0,232.0
133,342,131.0,298.0
134,349,131.0,312.0
133,372,130.0,329.0
133,382,130.0,338.0
132,409,128.0,407.0
132,432,129.0,383.0
131,592,127.0,550.0
139,75,137.0,40.0
139,176,137.0,138.0
138,183,136.0,144.0
138,190,136.0,150.0
135,268,134.0,225.0
138,275,135.0,232.0
138,298,136.0,255.0
135,304,132.0,260.0
139,537,134.0,498.0
135,556,131.0,523.0
135,592,143.0,550.0
140,10,144,44
140,58,138,23
140,63,138.0,30.0
141,88,139.0,55.0
142,95,140.0,63.0
140,137,138.0,106.0
140,146,138.0,111.0
144,287,143.0,245.0
140,304,137.0,260.0
144,582,143.0,540.0
142,625,138.0,582.0
149,48,147,15
146,109,144.0,76.0
148,241,145.0,199.0
147,313,144.0,269.0
147,334,145.0,289.0
145,351,142.0,317.0
149,541,145.0,508.0
147,557,143.0,524.0
149,610,144.0,568.0
150,151,147.0,118.0
153,159,150.0,213.0
154,168,152.0,139.0
150,275,148.0,232.0
151,298,145.0,255.0
152,351,149.0,312.0
152,414,149.0,434.0
153,556,150.0,523.0
156,89,154.0,49.0
159,220,156.0,219.0
157,268,155.0,225.0
157,365,154.0,350.0
158,385,155.0,360.0
158,400,155.0,365.0
158,425,155.0,390.0
157,432,154.0,397.0
158,490,154.0,455.0
158,523,154.0,489.0
155,597,151.0,554.0
164,49,162,16
161,69,159.0,37.0
161,120,159.0,95.0
161,135,159.0,100.0
161,140,159.0,105.0
160,155,158.0,123.0
160,160,158.0,125.0
160,175,158.0,142.0
161,319,163.0,278.0
160,597,155.0,555.0
163,625,156.0,583.0
168,135,168.0,95.0
169,287,168.0,244.0
166,377,163.0,344.0
165,444,161.0,401.0
165,540,162.0,497.0
165,581,165.0,540.0
165,610,161.0,568.0
167,619,169.0,610.0
170,268,167.0,225.0
172,298,169.0,255.0
170,334,165.0,290.0
173,479,170.0,447.0
173,550,169.0,517.0
170,593,165.0,551.0
173,625,168.0,584.0
176,51,175,19
177,101,176.0,60.0
179,105,177.0,65.0
175,122,176.0,121.0
175,127,174.0,95.0
176,275,175.0,232.0
179,298,188.0,255.0
176,445,173.0,402.0
177,451,173.0,408.0
177,504,173.0,471.0
179,551,176.0,517.0
175,564,172.0,531.0
181,28,175,28
183,160,183.0,150.0
182,275,180.0,232.0
184,340,175.0,296.0
182,492,179.0,460.0
183,559,184.0,610.0
184,593,180.0,551.0
181,609,177.0,567.0
180,622,176.0,580.0
183,629,180.0,587.0
188,51,186,18
188,88,186.0,48.0
185,99,183.0,57.0
185,103,183.0,63.0
186,143,185.0,112.0
185,287,184.0,244.0
192,28,201,10
191,86,190.0,45.0
194,120,193.0,80.0
190,192,188.0,158.0
194,211,185.0,185.0
194,237,188.0,202.0
190,275,187.0,232.0
193,317,194.0,264.0
192,445,189.0,402.0
192,462,189.0,429.0
192,515,188.0,473.0
190,564,186.0,531.0
192,578,185.0,541.0
190,593,185.0,551.0
193,608,187.0,566.0
194,629,191.0,587.0
195,84,194.0,42.0
197,126,195.0,85.0
196,149,195.0,115.0
195,166,194.0,128.0
198,175,196.0,142.0
199,183,197.0,151.0
195,275,191.0,232.0
199,289,198.0,246.0
195,536,191.0,504.0
199,550,195.0,517.0
198,564,194.0,531.0
195,593,200.0,551.0
199,607,195.0,565.0
200,75,198.0,35.0
201,80,200.0,39.0
201,112,199.0,71.0
202,132,200.0,90.0
201,138,199.0,96.0
203,150,201.0,110.0
204,155,202.0,115.0
204,175,202.0,140.0
202,297,200.0,254.0
200,334,195.0,290.0
200,340,195.0,296.0
202,364,199.0,328.0
203,417,200.0,387.0
203,446,200.0,415.0
200,527,196.0,482.0
200,593,196.0,551.0
208,92,206.0,52.0
205,101,203.0,60.0
205,115,203.0,74.0
208,147,205.0,104.0
205,157,201.0,105.0
205,160,203.0,120.0
205,171,203.0,131.0
206,185,203.0,145.0
207,196,204.0,155.0
208,200,205.0,160.0
209,210,206.0,170.0
205,309,200.0,276.0
208,313,206.0,269.0
206,329,211.0,285.0
206,340,200.0,296.0
208,412,205.0,378.0
208,487,205.0,459.0
208,566,204.0,533.0
211,13,207,28
212,99,210.0,58.0
212,104,210.0,63.0
213,113,211.0,72.0
213,115,211.0,75.0
213,124,211.0,83.0
212,155,210.0,113.0
210,212,205.0,157.0
210,274,205.0,231.0
214,275,211.0,232.0
210,283,208.0,240.0
212,290,207.0,247.0
213,317,210.0,273.0
210,334,206.0,290.0
210,340,205.0,296.0
210,433,207.0,399.0
211,441,208.0,409.0
211,557,208.0,525.0
213,593,210.0,551.0
215,27,218,23
215,74,213.0,33.0
217,78,215.0,37.0
217,98,216.0,57.0
217,102,215.0,61.0
215,109,213.0,67.0
216,131,214.0,90.0
215,142,212.0,100.0
218,149,216.0,108.0
215,156,212.0,115.0
216,201,214.0,159.0
217,205,215.0,165.0
217,210,215.0,170.0
218,215,216.0,175.0
219,220,217.0,180.0
215,252,212.0,210.0
215,340,210.0,296.0
215,466,212.0,433.0
216,564,211.0,531.0
217,606,214.0,564.0
224,85,223.0,45.0
224,110,223.0,75.0
223,204,221.0,163.0
224,211,222.0,170.0
220,225,218.0,185.0
221,230,219.0,190.0
223,245,220.0,205.0
220,272,220.0,229.0
221,310,218.0,266.0
220,334,215.0,290.0
220,340,215.0,296.0
223,390,217.0,344.0
220,454,217.0,421.0
220,463,217.0,430.0
223,548,219.0,505.0
225,110,225.0,82.0
226,120,224.0,80.0
228,136,226.0,95.0
225,146,222.0,105.0
226,197,224.0,156.0
227,203,225.0,161.0
228,207,225.0,166.0
226,274,230.0,231.0
228,281,225.0,238.0
228,289,225.0,246.0
226,361,222.0,316.0
229,548,226.0,512.0
232,72,231.0,32.0
232,87,230.0,47.0
232,90,230.0,50.0
232,95,230.0,55.0
232,100,230.0,60.0
233,110,231.0,70.0
233,115,231.0,75.0
234,125,232.0,85.0
233,134,231.0,93.0
234,140,232.0,100.0
234,145,232.0,105.0
231,152,229.0,111.0
234,160,232.0,115.0
232,166,230.0,126.0
233,170,231.0,130.0
234,175,232.0,135.0
234,180,232.0,140.0
234,185,232.0,145.0
230,196,228.0,154.0
234,211,232.0,170.0
234,240,231.0,199.0
230,267,225.0,225.0
233,286,230.0,243.0
232,321,230.0,277.0
230,433,227.0,398.0
231,439,228.0,405.0
231,473,227.0,441.0
231,496,227.0,453.0
230,525,227.0,482.0
233,605,230.0,563.0
235,215,232.0,175.0
235,250,232.0,210.0
235,266,231.0,223.0
235,290,232.0,247.0
237,301,235.0,260.0
237,313,236.0,269.0
237,491,233.0,448.0
237,501,233.0,459.0
237,528,233.0,486.0
237,549,233.0,507.0
236,587,232.0,546.0
241,69,239.0,32.0
241,108,239.0,69.0
241,210,238.0,167.0
241,223,239.0,192.0
241,253,238.0,224.0
240,270,238.0,228.0
243,281,240.0,238.0
240,290,236.0,247.0
240,314,237.0,270.0
240,340,238.0,295.0
241,385,238.0,355.0
243,492,239.0,449.0
242,624,239.0,582.0
248,278,246.0,235.0
246,311,243.0,267.0
245,315,241.0,271.0
246,329,245.0,285.0
248,335,245.0,292.0
248,572,244.0,529.0
247,600,242.0,558.0
247,615,241.0,573.0
254,71,254.0,122.0
250,286,247.0,243.0
250,298,247.0,256.0
251,435,248.0,392.0
254,464,251.0,410.0
254,545,251.0,503.0
253,594,249.0,551.0
255,223,253.0,180.0
257,299,254.0,256.0
256,319,253.0,275.0
259,333,256.0,289.0
258,511,255.0,468.0
258,552,254.0,510.0
259,599,257.0,557.0
261,59,259,18
260,278,259.0,236.0
262,316,259.0,272.0
261,386,261.0,430.0
263,533,260.0,489.0
265,99,263.0,57.0
265,131,263.0,82.0
265,312,262.0,268.0
267,316,264.0,272.0
266,361,264.0,396.0
267,466,264.0,423.0
267,518,264.0,476.0
267,555,263.0,511.0
267,570,264.0,528.0
265,585,262.0,544.0
272,50,270,10
272,70,270.0,30.0
273,75,271.0,35.0
273,80,271.0,40.0
273,85,271.0,45.0
273,95,271.0,54.0
272,102,270.0,60.0
273,110,271.0,70.0
273,115,271.0,75.0
273,120,271.0,80.0
270,129,268.0,106.0
273,130,271.0,90.0
273,135,271.0,95.0
270,155,268.0,114.0
270,192,268.0,228.0
270,219,268.0,235.0
273,246,270.0,203.0
274,254,271.0,211.0
270,256,270.0,265.0
270,270,270.0,270.0
272,322,270.0,278.0
274,467,271.0,424.0
274,476,271.0,432.0
274,487,271.0,444.0
273,608,270.0,567.0
276,355,273.0,350.0
276,360,273.0,355.0
284,60,282,20
284,78,282.0,35.0
284,99,282.0,57.0
284,137,282.0,96.0
283,183,281.0,141.0
283,205,281.0,163.0
283,225,281.0,171.0
283,242,281.0,266.0
281,491,278.0,448.0
281,498,278.0,456.0
285,123,283.0,81.0
289,304,286.0,289.0
285,353,282.0,315.0
289,405,286.0,386.0
288,451,284.0,488.0
288,455,284.0,493.0
288,461,284.0,505.0
288,485,284.0,530.0
288,490,285.0,455.0
288,503,284.0,540.0
288,505,285.0,462.0
288,530,284.0,567.0
288,540,284.0,545.0
288,545,284.0,550.0
287,593,283.0,590.0
287,595,283.0,600.0
291,55,289,14
291,75,289.0,56.0
291,80,289.0,46.0
291,85,289.0,36.0
290,92,288.0,50.0
290,102,288.0,60.0
290,112,288.0,70.0
290,130,288.0,80.0
290,141,288.0,91.0
290,152,288.0,101.0
290,156,288.0,105.0
293,184,290.0,181.0
290,198,287.0,195.0
290,270,287.0,259.0
290,291,287.0,272.0
290,296,287.0,276.0
290,313,287.0,294.0
294,315,291.0,296.0
293,321,290.0,311.0
293,326,290.0,315.0
293,345,290.0,334.0
293,351,290.0,340.0
293,360,290.0,350.0
291,496,287.0,525.0
291,500,287.0,530.0
291,515,287.0,560.0
291,544,287.0,557.0
291,548,288.0,521.0
294,566,290.0,603.0
293,582,289.0,571.0
292,597,288.0,586.0
290,611,286.0,615.0
290,623,286.0,612.0
295,61,293,27
295,77,292.0,113.0
296,92,294.0,50.0
295,107,293.0,65.0
295,155,293.0,136.0
299,180,297.0,145.0
295,186,293.0,143.0
295,202,293.0,159.0
298,274,295.0,263.0
295,283,292.0,272.0
299,350,296.0,315.0
298,379,295.0,417.0
295,430,292.0,395.0
298,480,295.0,437.0
298,488,295.0,445.0
298,496,295.0,453.0
295,502,291.0,491.0
299,585,295.0,558.0
297,616,293.0,605.0
302,16,300,12
302,30,300,42
302,35,300,55
302,70,300.0,52.0
302,85,300.0,90.0
300,96,298.0,46.0
300,112,297.0,140.0
300,117,298.0,75.0
302,140,300.0,98.0
302,156,300.0,122.0
302,160,300.0,141.0
300,168,297.0,205.0
300,200,297.0,254.0
302,212,299.0,232.0
300,246,297.0,203.0
301,251,298.0,280.0
301,277,298.0,266.0
301,286,298.0,275.0
301,345,298.0,325.0
301,390,298.0,347.0
301,397,298.0,370.0
301,402,298.0,375.0
301,406,298.0,355.0
300,442,297.0,391.0
300,460,296.0,505.0
300,472,296.0,510.0
300,536,296.0,541.0
300,540,296.0,561.0
307,150,305.0,107.0
308,185,305.0,130.0
308,265,305.0,220.0
308,294,305.0,250.0
308,310,305.0,305.0
308,320,305.0,275.0
308,325,305.0,280.0
308,330,305.0,285.0
308,340,305.0,295.0
308,345,305.0,300.0
308,360,305.0,340.0
308,405,305.0,360.0
308,410,305.0,365.0
308,415,305.0,370.0
308,420,305.0,375.0
308,425,305.0,380.0
308,430,305.0,385.0
308,439,305.0,395.0
307,444,304.0,400.0
307,450,304.0,405.0
307,455,304.0,410.0
307,470,304.0,420.0
307,475,304.0,430.0
307,480,304.0,435.0
307,485,304.0,440.0
307,492,304.0,450.0
307,499,304.0,455.0
307,505,304.0,460.0
307,510,304.0,465.0
307,516,304.0,472.0
306,571,303.0,524.0
306,591,303.0,540.0
306,595,303.0,545.0
313,509,310.0,465.0
313,525,310.0,482.0
313,535,310.0,490.0
313,547,309.0,509.0
318,57,316,13
318,73,316.0,29.0
317,90,315.0,45.0
319,116,316.0,71.0
317,129,315.0,84.0
315,154,313.0,168.0
316,306,313.0,270.0
316,339,313.0,293.0
316,345,313.0,300.0
316,396,313.0,360.0
319,417,317.0,370.0
316,433,312.0,389.0
315,480,312.0,435.0
318,497,315.0,451.0
316,561,312.0,607.0
315,577,312.0,531.0
316,585,312.0,539.0
315,606,312.0,561.0
316,613,312.0,616.0
317,619,314.0,575.0
318,627,314.0,590.0
322,83,320.0,38.0
324,87,322.0,43.0
324,90,322.0,45.0
323,109,319.0,117.0
320,135,318.0,91.0
324,178,321.0,159.0
320,217,318.0,172.0
321,227,319.0,180.0
322,270,319.0,223.0
322,376,320.0,329.0
322,435,319.0,389.0
320,526,317.0,480.0
328,54,326,10
329,100,327.0,55.0
329,112,327.0,67.0
329,120,327.0,76.0
329,135,327.0,90.0
325,336,322.0,290.0
328,360,325.0,313.0
329,445,326.0,402.0
328,499,325.0,454.0
328,522,325.0,476.0
328,539,325.0,493.0
328,540,325.0,495.0
328,555,325.0,510.0
328,620,324.0,575.0
333,58,331,16
330,150,327.0,105.0
330,156,327.0,110.0
334,171,331.0,120.0
330,180,327.0,137.0
330,306,327.0,260.0
330,312,327.0,267.0
334,325,331.0,280.0
330,340,327.0,293.0
330,345,327.0,298.0
334,355,331.0,310.0
330,364,327.0,317.0
334,370,331.0,325.0
334,375,331.0,330.0
334,380,331.0,335.0
334,385,331.0,340.0
330,393,327.0,346.0
334,395,331.0,350.0
330,420,327.0,374.0
333,460,330.0,415.0
333,465,330.0,420.0
333,472,330.0,430.0
333,482,330.0,437.0
333,485,330.0,440.0
333,490,330.0,445.0
333,495,330.0,450.0
332,506,329.0,461.0
332,525,329.0,480.0
332,530,329.0,485.0
332,545,329.0,500.0
332,552,329.0,505.0
332,560,329.0,515.0
332,570,329.0,525.0
332,575,329.0,530.0
339,70,337.0,28.0
339,521,336.0,481.0
340,56,338,15
341,129,339.0,86.0
342,137,339.0,93.0
342,150,339.0,108.0
342,163,339.0,114.0
342,206,339.0,173.0
340,331,337.0,286.0
343,356,340.0,311.0
343,397,340.0,355.0
341,445,338.0,400.0
341,463,338.0,417.0
343,593,340.0,552.0
346,155,344.0,113.0
347,259,345.0,215.0
348,280,346.0,234.0
348,289,345.0,244.0
349,336,346.0,291.0
345,423,342.0,377.0
345,433,342.0,389.0
348,581,345.0,538.0
348,588,344.0,543.0
349,601,342.0,562.0
349,616,345.0,573.0
351,65,349.0,23.0
351,101,349.0,58.0
352,116,350.0,72.0
352,136,350.0,92.0
352,154,350.0,111.0
352,238,350.0,193.0
353,246,350.0,202.0
354,315,345.0,265.0
352,352,349.0,305.0
350,394,347.0,350.0
353,407,350.0,364.0
353,439,350.0,395.0
353,453,350.0,408.0
353,460,350.0,415.0
350,497,347.0,454.0
350,514,347.0,466.0
351,524,347.0,480.0
357,86,354.0,43.0
357,98,355.0,56.0
356,142,354.0,98.0
356,168,354.0,125.0
359,215,356.0,172.0
357,258,355.0,214.0
359,272,356.0,229.0
357,304,354.0,260.0
359,330,356.0,287.0
358,340,355.0,297.0
355,364,352.0,319.0
355,372,352.0,327.0
359,399,357.0,355.0
359,416,356.0,371.0
359,423,356.0,379.0
359,440,356.0,401.0
358,489,355.0,445.0
357,513,355.0,470.0
355,569,352.0,524.0
358,618,354.0,575.0
360,56,358,11
362,61,360,18
363,113,361.0,70.0
364,131,361.0,89.0
364,223,361.0,179.0
363,231,360.0,187.0
364,249,361.0,205.0
364,266,361.0,223.0
360,354,357.0,310.0
361,374,358.0,328.0
360,393,357.0,349.0
361,466,359.0,422.0
361,503,358.0,456.0
360,525,357.0,481.0
364,576,360.0,533.0
363,584,360.0,541.0
365,212,362.0,165.0
365,279,362.0,235.0
365,344,362.0,300.0
366,381,363.0,336.0
366,389,363.0,345.0
365,529,362.0,486.0
369,627,365.0,585.0
370,69,367.0,21.0
370,74,368.0,44.0
371,87,369.0,66.0
370,96,368.0,59.0
371,119,369.0,76.0
371,128,369.0,85.0
372,189,369.0,145.0
372,229,370.0,241.0
372,239,370.0,252.0
372,249,369.0,205.0
372,255,369.0,211.0
372,336,368.0,383.0
373,352,370.0,306.0
373,377,370.0,333.0
372,380,369.0,336.0
372,390,369.0,346.0
372,405,369.0,369.0
372,448,369.0,405.0
371,462,368.0,418.0
372,486,369.0,441.0
371,497,368.0,453.0
371,508,368.0,459.0
371,516,368.0,472.0
370,552,367.0,508.0
370,608,366.0,572.0
376,45,374,14
377,60,375,30
377,68,375.0,38.0
377,70,375.0,40.0
377,75,375.0,45.0
377,80,375.0,50.0
377,100,375.0,70.0
377,112,375.0,82.0
378,120,376.0,135.0
378,180,376.0,170.0
378,206,376.0,200.0
378,210,376.0,205.0
379,275,376.0,243.0
379,285,376.0,253.0
379,300,376.0,325.0
379,370,376.0,340.0
379,395,375.0,450.0
379,405,376.0,375.0
378,414,375.0,382.0
378,423,375.0,391.0
378,432,375.0,400.0
378,436,375.0,405.0
378,440,374.0,485.0
379,470,375.0,480.0
378,510,375.0,465.0
377,539,374.0,508.0
376,576,372.0,544.0
375,600,372.0,565.0
375,618,371.0,576.0
376,620,372.0,581.0
383,72,381.0,42.0
380,335,377.0,290.0
385,44,385,13
386,65,384.0,34.0
387,269,385.0,238.0
385,341,382.0,387.0
389,387,386.0,355.0
389,433,386.0,399.0
385,568,381.0,536.0
389,589,386.0,555.0
387,628,383.0,587.0
390,44,390,13
391,87,389.0,56.0
392,134,390.0,103.0
390,263,387.0,232.0
390,274,386.0,243.0
390,358,387.0,326.0
391,379,388.0,347.0
390,401,387.0,369.0
391,607,399.0,555.0
395,43,395,12
399,108,397.0,78.0
399,160,397.0,130.0
395,177,392.0,145.0
399,183,396.0,153.0
399,194,398.0,163.0
395,282,392.0,251.0
396,291,393.0,260.0
396,329,394.0,298.0
397,432,394.0,401.0
399,445,390.0,413.0
396,474,394.0,503.0
395,521,392.0,490.0
398,561,393.0,530.0
395,569,390.0,537.0
395,570,400.0,539.0
397,577,394.0,544.0
399,600,397.0,567.0
404,134,401.0,103.0
404,214,395.0,183.0
401,252,398.0,220.0
403,319,410.0,314.0
400,341,395.0,387.0
400,370,397.0,338.0
402,418,399.0,413.0
404,467,400.0,436.0
404,503,401.0,471.0
402,511,404.0,480.0
403,547,399.0,516.0
405,42,405,11
409,59,407,29
407,68,408.0,73.0
408,121,405.0,91.0
405,151,402.0,120.0
408,282,405.0,251.0
407,300,404.0,268.0
405,314,402.0,283.0
407,341,405.0,387.0
406,578,408.0,546.0
405,610,405.0,579.0
407,615,408.0,585.0
410,42,410,11
413,75,411.0,44.0
414,167,412.0,137.0
410,223,407.0,192.0
411,236,408.0,205.0
413,252,410.0,221.0
413,314,410.0,283.0
414,315,406.0,310.0
412,327,407.0,377.0
410,379,407.0,347.0
410,383,406.0,353.0
410,467,406.0,436.0
410,498,407.0,467.0
410,521,408.0,490.0
410,601,405.0,568.0
410,618,410.0,586.0
419,112,417.0,82.0
415,188,412.0,157.0
415,214,411.0,183.0
415,414,412.0,382.0
419,445,416.0,413.0
419,458,416.0,427.0
419,470,416.0,438.0
419,479,416.0,447.0
418,485,415.0,454.0
419,503,415.0,505.0
418,521,414.0,516.0
418,536,415.0,496.0
418,542,415.0,511.0
418,546,415.0,515.0
416,572,413.0,540.0
417,611,413.0,579.0
420,112,418.0,107.0
420,146,418.0,170.0
420,214,417.0,183.0
421,215,418.0,210.0
421,220,418.0,190.0
420,240,417.0,287.0
421,252,418.0,245.0
421,266,418.0,235.0
421,275,418.0,270.0
420,315,417.0,310.0
421,325,418.0,295.0
421,333,418.0,302.0
420,336,417.0,305.0
420,358,417.0,325.0
420,365,417.0,335.0
420,385,417.0,355.0
420,400,417.0,368.0
420,406,417.0,374.0
420,418,417.0,386.0
429,179,427.0,186.0
429,501,425.0,495.0
425,543,421.0,519.0
428,561,425.0,529.0
426,599,424.0,566.0
431,134,428.0,129.0
431,151,429.0,116.0
431,228,428.0,217.0
431,281,428.0,282.0
431,285,428.0,285.0
430,309,427.0,312.0
430,373,427.0,370.0
431,574,438.0,607.0
438,70,436.0,40.0
435,351,432.0,326.0
437,402,433.0,408.0
436,593,432.0,561.0
439,612,435.0,588.0
442,127,440.0,96.0
444,204,441.0,187.0
443,225,440.0,204.0
443,265,440.0,233.0
449,46,447,17
448,119,446.0,111.0
449,264,446.0,252.0
446,390,443.0,384.0
446,407,443.0,393.0
446,425,443.0,430.0
446,431,443.0,446.0
448,502,444.0,470.0
446,510,443.0,489.0
449,534,446.0,510.0
446,567,441.0,601.0
446,576,442.0,544.0
447,598,444.0,565.0
450,78,448.0,38.0
454,346,451.0,350.0
454,583,452.0,551.0
451,613,448.0,584.0
458,111,455.0,71.0
459,132,456.0,101.0
457,143,455.0,119.0
459,249,456.0,205.0
459,272,456.0,240.0
458,287,455.0,285.0
459,312,456.0,257.0
457,394,454.0,362.0
457,407,454.0,374.0
457,445,454.0,413.0
456,532,453.0,498.0
460,369,455.0,421.0
464,378,461.0,345.0
462,529,461.0,497.0
467,49,467,12
466,151,468.0,131.0
467,200,462.0,152.0
469,269,463.0,296.0
468,337,462.0,303.0
467,454,464.0,408.0
12,246,10.0,213.0
13,314,10.0,270.0
13,484,10.0,449.0
14,504,11.0,487.0
13,505,10.0,509.0
13,569,10.0,532.0
10,578,14.0,538.0
11,614,20.0,572.0
10,618,11.0,576.0
15,45,14,12
19,71,18.0,30.0
17,85,15.0,44.0
17,280,15.0,237.0
15,289,13.0,246.0
17,303,15.0,260.0
16,343,14.0,299.0
15,465,11.0,428.0
17,476,24.0,428.0
15,480,11.0,443.0
18,492,24.0,452.0
17,504,19.0,496.0
15,540,15.0,502.0
17,555,18.0,517.0
15,577,20.0,537.0
15,601,15.0,559.0
15,623,14.0,581.0
23,72,22.0,34.0
24,76,22.0,39.0
24,115,23.0,77.0
22,156,20.0,119.0
23,188,21.0,148.0
24,227,22.0,190.0
24,232,22.0,195.0
20,276,20.0,233.0
21,303,18.0,259.0
20,310,14.0,266.0
21,315,18.0,270.0
21,334,17.0,290.0
21,427,18.0,390.0
20,487,29.0,444.0
24,502,20.0,465.0
23,508,17.0,471.0
24,512,19.0,475.0
23,538,29.0,498.0
23,544,19.0,507.0
20,567,16.0,530.0
29,44,23,11
25,51,32,18
28,64,30.0,29.0
27,86,26.0,49.0
25,98,23.0,59.0
25,122,23.0,84.0
27,186,25.0,150.0
27,192,25.0,156.0
25,280,22.0,237.0
29,315,27.0,274.0
26,349,23.0,311.0
25,369,22.0,325.0
28,414,35.0,370.0
26,430,33.0,388.0
25,436,20.0,399.0
26,460,21.0,423.0
29,493,30.0,455.0
27,524,26.0,525.0
25,549,21.0,512.0
26,561,22.0,524.0
29,580,35.0,540.0
29,602,24.0,559.0
26,609,18.0,567.0
32,110,30.0,64.0
33,115,31.0,83.0
34,134,32.0,95.0
31,146,29.0,109.0
30,166,28.0,127.0
34,239,32.0,196.0
31,250,28.0,205.0
33,284,33.0,241.0
30,350,27.0,307.0
31,404,27.0,366.0
31,415,24.0,380.0
31,434,33.0,394.0
33,547,31.0,526.0
34,629,42.0,593.0
38,51,36,19
38,60,36,25
38,65,36.0,31.0
39,82,38.0,44.0
39,104,38.0,66.0
39,108,38.0,60.0
39,128,38.0,89.0
39,238,37.0,195.0
35,272,32.0,229.0
35,276,35.0,233.0
38,298,34.0,255.0
39,342,38.0,299.0
39,394,39.0,355.0
35,396,32.0,358.0
39,409,38.0,367.0
35,414,32.0,376.0
35,420,44.0,377.0
35,499,35.0,460.0
38,503,33.0,466.0
39,508,46.0,468.0
38,539,38.0,501.0
39,554,44.0,514.0
38,562,35.0,525.0
38,570,34.0,533.0
37,602,28.0,559.0
37,606,32.0,597.0
36,623,31.0,581.0
40,45,39,12
40,139,38.0,100.0
40,160,38.0,120.0
40,165,38.0,125.0
40,190,39.0,154.0
40,200,39.0,166.0
40,247,37.0,208.0
41,256,38.0,215.0
42,272,40.0,229.0
40,280,46.0,237.0
40,306,37.0,260.0
40,315,48.0,279.0
40,333,37.0,289.0
40,338,48.0,294.0
40,450,46.0,409.0
43,479,52.0,436.0
43,488,47.0,449.0
44,511,48.0,472.0
40,518,35.0,481.0
43,553,39.0,516.0
44,601,45.0,559.0
45,150,43.0,109.0
45,161,43.0,120.0
46,213,48.0,181.0
46,264,43.0,222.0
48,272,45.0,229.0
49,287,49.0,244.0
46,310,45.0,266.0
46,368,54.0,339.0
49,446,54.0,404.0
46,474,52.0,432.0
49,494,45.0,456.0
46,501,37.0,465.0
45,532,40.0,495.0
49,543,44.0,506.0
46,547,44.0,525.0
49,615,45.0,573.0
51,50,49,14
51,56,49,20
51,66,49.0,27.0
54,121,52.0,85.0
54,146,52.0,108.0
51,199,48.0,162.0
51,204,49.0,167.0
52,225,49.0,190.0
54,307,52.0,263.0
53,380,48.0,336.0
50,514,59.0,475.0
52,590,58.0,548.0
53,595,62.0,553.0
51,602,51.0,560.0
54,609,46.0,566.0
51,623,47.0,581.0
50,629,46.0,587.0
55,47,54,14
58,85,57.0,49.0
58,111,56.0,75.0
58,119,56.0,84.0
55,218,54.0,182.0
59,245,53.0,202.0
58,256,55.0,214.0
57,276,55.0,233.0
56,283,62.0,240.0
55,316,50.0,271.0
56,391,47.0,356.0
55,397,53.0,392.0
56,409,58.0,369.0
58,434,53.0,396.0
59,458,55.0,420.0
55,489,53.0,450.0
55,550,54.0,512.0
56,573,52.0,538.0
59,615,54.0,573.0
55,624,50.0,582.0
61,45,60,10
62,177,60.0,140.0
62,189,60.0,158.0
63,229,61.0,195.0
63,256,60.0,216.0
60,272,57.0,229.0
63,280,59.0,237.0
60,294,58.0,251.0
61,298,60.0,255.0
60,334,63.0,290.0
62,360,59.0,321.0
60,390,51.0,355.0
62,434,59.0,396.0
62,450,65.0,410.0
61,478,52.0,443.0
62,527,68.0,487.0
64,558,58.0,505.0
63,569,59.0,532.0
63,572,59.0,535.0
60,577,68.0,536.0
60,590,65.0,548.0
61,595,56.0,553.0
64,602,56.0,560.0
60,607,69.0,598.0
66,70,65.0,31.0
65,107,61.0,132.0
65,209,62.0,171.0
67,214,64.0,179.0
66,284,63.0,279.0
67,428,64.0,390.0
67,434,64.0,396.0
66,440,62.0,403.0
68,465,64.0,427.0
65,518,70.0,478.0
67,532,66.0,530.0
67,615,60.0,573.0
72,93,70.0,69.0
71,199,68.0,161.0
73,218,70.0,183.0
73,228,71.0,200.0
74,234,71.0,190.0
71,287,71.0,242.0
70,294,67.0,251.0
74,303,74.0,260.0
74,350,72.0,307.0
70,362,67.0,325.0
73,407,74.0,370.0
74,420,72.0,383.0
73,429,70.0,391.0
70,436,67.0,398.0
72,504,63.0,468.0
71,505,70.0,467.0
72,519,70.0,481.0
74,577,71.0,540.0
76,69,75.0,31.0
76,75,74.0,37.0
77,88,75.0,50.0
76,94,75.0,56.0
79,144,77.0,104.0
77,154,75.0,118.0
77,156,75.0,140.0
77,220,75.0,186.0
78,247,75.0,214.0
77,264,84.0,221.0
77,280,78.0,237.0
79,287,79.0,244.0
76,309,75.0,265.0
78,319,75.0,274.0
78,361,75.0,328.0
79,420,76.0,382.0
78,451,74.0,412.0
75,455,72.0,416.0
79,479,75.0,442.0
77,488,72.0,451.0
78,497,74.0,459.0
77,505,71.0,491.0
76,534,68.0,498.0
75,539,70.0,502.0
76,591,72.0,549.0
75,595,71.0,553.0
76,608,71.0,566.0
75,626,69.0,584.0
82,62,80.0,24.0
84,186,82.0,148.0
82,205,80.0,167.0
82,211,79.0,175.0
80,334,77.0,290.0
80,360,77.0,320.0
80,432,75.0,423.0
81,435,78.0,397.0
81,440,78.0,401.0
81,447,77.0,405.0
80,456,76.0,417.0
80,487,75.0,450.0
80,523,77.0,485.0
81,534,77.0,512.0
81,542,77.0,505.0
81,552,77.0,515.0
82,595,79.0,553.0
87,92,85.0,55.0
86,100,84.0,59.0
86,117,84.0,75.0
89,149,88.0,107.0
85,155,83.0,114.0
85,164,83.0,125.0
85,194,83.0,156.0
86,205,84.0,172.0
86,234,84.0,192.0
86,249,84.0,208.0
85,255,83.0,214.0
88,261,86.0,219.0
87,298,83.0,255.0
89,322,85.0,277.0
85,348,82.0,324.0
86,493,82.0,449.0
86,534,82.0,491.0
86,552,82.0,514.0
86,568,82.0,529.0
87,608,84.0,566.0
85,614,81.0,572.0
85,619,80.0,577.0
94,55,92,15
92,70,91.0,30.0
94,87,93.0,36.0
91,103,89.0,62.0
93,294,92.0,251.0
94,322,91.0,278.0
94,334,91.0,290.0
93,439,90.0,399.0
93,518,89.0,490.0
93,539,89.0,500.0
93,555,89.0,530.0
98,43,95,83
97,79,95.0,39.0
97,86,95.0,46.0
96,100,94.0,60.0
96,113,94.0,72.0
95,133,94.0,93.0
95,147,93.0,106.0
95,156,93.0,115.0
95,164,93.0,124.0
95,176,93.0,133.0
99,199,97.0,161.0
99,215,97.0,176.0
98,235,96.0,192.0
97,276,95.0,232.0
96,322,95.0,278.0
99,423,96.0,370.0
97,494,93.0,451.0
98,526,94.0,485.0
99,532,95.0,490.0
99,548,95.0,506.0
98,554,94.0,518.0
99,558,95.0,519.0
98,568,94.0,529.0
98,583,94.0,541.0
95,608,90.0,566.0
95,613,90.0,571.0
99,620,96.0,577.0
104,55,102,15
102,80,101.0,27.0
103,91,101.0,50.0
103,109,101.0,69.0
103,135,101.0,94.0
100,150,98.0,110.0
100,166,98.0,125.0
102,189,100.0,146.0
104,218,101.0,179.0
100,255,98.0,214.0
101,272,98.0,229.0
103,287,102.0,244.0
103,334,107.0,290.0
102,400,99.0,355.0
100,426,97.0,376.0
104,578,100.0,534.0
101,596,94.0,553.0
105,74,103.0,34.0
109,113,107.0,72.0
105,116,103.0,75.0
107,128,105.0,87.0
107,133,105.0,93.0
109,145,107.0,108.0
107,157,105.0,119.0
109,165,106.0,124.0
105,185,102.0,137.0
106,272,104.0,229.0
107,291,105.0,248.0
109,326,104.0,282.0
105,335,112.0,291.0
108,342,109.0,298.0
105,350,102.0,306.0
106,389,101.0,372.0
109,410,106.0,370.0
108,440,105.0,401.0
105,447,103.0,408.0
109,460,106.0,425.0
105,533,101.0,500.0
108,584,106.0,542.0
109,614,104.0,572.0
105,624,100.0,582.0
111,58,108,30
113,60,111,22
113,67,114.0,29.0
110,74,109.0,36.0
111,80,109.0,41.0
110,104,108.0,66.0
110,116,109.0,79.0
114,146,112.0,107.0
111,190,109.0,150.0
113,291,111.0,248.0
110,318,105.0,273.0
113,322,111.0,278.0
111,363,108.0,320.0
112,395,109.0,355.0
110,404,104.0,397.0
113,450,109.0,410.0
114,491,110.0,451.0
110,543,110.0,513.0
112,609,109.0,568.0
110,624,106.0,582.0
116,78,114.0,39.0
118,100,117.0,65.0
118,139,116.0,102.0
115,177,112.0,138.0
119,268,110.0,224.0
116,292,124.0,248.0
117,333,114.0,289.0
118,342,115.0,298.0
116,415,112.0,381.0
117,455,113.0,410.0
115,477,112.0,431.0
115,522,111.0,496.0
118,558,114.0,522.0
119,614,110.0,572.0
119,627,114.0,585.0
121,52,120,15
122,121,121.0,85.0
120,198,118.0,159.0
120,211,117.0,170.0
120,234,117.0,192.0
121,244,117.0,202.0
124,249,122.0,204.0
124,258,122.0,216.0
123,272,120.0,229.0
120,317,117.0,273.0
123,327,128.0,283.0
124,355,120.0,309.0
124,441,121.0,399.0
123,495,120.0,451.0
121,545,117.0,509.0
121,570,117.0,536.0
122,585,117.0,543.0
123,600,120.0,557.0
123,605,118.0,563.0
120,618,122.0,576.0
124,624,121.0,582.0
127,47,125,13
127,110,125.0,76.0
128,118,126.0,81.0
127,134,125.0,101.0
128,145,126.0,114.0
126,185,124.0,151.0
129,194,127.0,164.0
126,205,123.0,172.0
126,222,124.0,180.0
128,239,124.0,196.0
127,268,128.0,225.0
125,280,117.0,237.0
128,294,134.0,251.0
128,349,125.0,310.0
126,388,123.0,344.0
126,396,123.0,351.0
125,430,121.0,410.0
125,435,121.0,415.0
125,490,120.0,505.0
127,602,124.0,560.0
129,609,124.0,567.0
127,628,123.0,586.0
133,44,131,12
132,58,124,65
132,70,130.0,35.0
130,77,128.0,41.0
132,84,130.0,50.0
133,99,131.0,64.0
133,103,131.0,69.0
132,122,130.0,86.0
133,127,131.0,97.0
132,150,130.0,118.0
132,166,130.0,135.0
134,184,132.0,144.0
133,212,131.0,170.0
130,234,129.0,195.0
131,255,129.0,212.0
134,287,136.0,245.0
134,350,131.0,317.0
133,367,130.0,324.0
133,375,130.0,331.0
132,396,129.0,359.0
132,436,129.0,388.0
133,571,130.0,538.0
134,600,129.0,558.0
133,619,129.0,578.0
135,91,133.0,57.0
136,111,134.0,78.0
139,171,137.0,134.0
138,189,136.0,149.0
137,227,135.0,185.0
139,272,136.0,229.0
138,294,135.0,251.0
136,318,134.0,274.0
137,342,135.0,299.0
138,358,135.0,316.0
135,388,130.0,438.0
136,403,131.0,448.0
136,455,132.0,422.0
139,597,144.0,555.0
135,605,132.0,562.0
136,613,130.0,571.0
138,618,133.0,576.0
138,624,134.0,582.0
144,40,144,10
142,49,142,18
141,71,140.0,38.0
140,76,139.0,49.0
144,107,142.0,74.0
141,119,139.0,88.0
140,134,138.0,103.0
140,150,138.0,117.0
141,219,140.0,177.0
143,264,142.0,221.0
142,272,140.0,229.0
142,275,150.0,232.0
140,284,134.0,240.0
140,323,137.0,278.0
143,465,140.0,431.0
140,472,137.0,460.0
141,477,137.0,442.0
144,535,140.0,499.0
142,552,138.0,519.0
143,563,136.0,530.0
143,570,142.0,604.0
140,612,137.0,569.0
143,619,140.0,596.0
147,43,147,14
145,75,144.0,45.0
147,101,146.0,69.0
149,164,147.0,128.0
147,211,145.0,169.0
146,246,145.0,204.0
145,287,142.0,244.0
147,294,144.0,251.0
146,298,142.0,255.0
146,464,142.0,447.0
149,536,145.0,502.0
148,552,145.0,519.0
145,592,136.0,549.0
149,616,146.0,573.0
146,622,145.0,580.0
154,44,153,11
151,55,149,21
153,115,149.0,150.0
154,128,152.0,113.0
150,145,148.0,112.0
154,206,152.0,172.0
150,272,148.0,229.0
153,294,150.0,251.0
154,407,151.0,373.0
154,427,151.0,387.0
154,564,149.0,531.0
150,597,147.0,555.0
154,609,149.0,567.0
150,625,152.0,605.0
157,49,156,16
155,66,154.0,34.0
155,127,153.0,95.0
156,146,153.0,161.0
155,151,153.0,119.0
159,182,157.0,148.0
159,206,157.0,165.0
159,225,157.0,184.0
155,288,153.0,245.0
156,298,154.0,255.0
158,535,154.0,495.0
159,552,155.0,519.0
159,609,154.0,567.0
157,615,156.0,573.0
159,625,152.0,583.0
160,174,157.0,195.0
164,275,165.0,232.0
160,287,160.0,244.0
163,395,160.0,363.0
163,409,160.0,374.0
163,411,160.0,378.0
163,417,160.0,383.0
163,423,160.0,389.0
163,426,160.0,391.0
160,559,156.0,526.0
164,581,161.0,539.0
160,602,157.0,560.0
167,44,165,11
169,52,167,20
166,62,166.0,29.0
165,76,161.0,118.0
168,90,166.0,66.0
167,115,165.0,83.0
167,121,165.0,88.0
168,132,166.0,100.0
169,148,167.0,115.0
168,251,166.0,208.0
168,274,173.0,231.0
167,312,165.0,268.0
167,390,164.0,355.0
166,465,163.0,434.0
166,470,163.0,441.0
166,480,163.0,446.0
167,485,163.0,453.0
165,512,161.0,478.0
165,539,162.0,507.0
165,547,162.0,514.0
165,564,160.0,531.0
165,587,161.0,545.0
166,597,162.0,555.0
167,625,164.0,583.0
174,66,172.0,34.0
170,75,168.0,40.0
174,84,170.0,84.0
174,193,172.0,159.0
171,210,168.0,177.0
170,226,168.0,200.0
170,294,169.0,251.0
173,323,170.0,279.0
174,404,170.0,361.0
172,433,169.0,399.0
170,451,165.0,407.0
171,469,168.0,435.0
173,483,170.0,451.0
173,485,170.0,455.0
173,495,169.0,454.0
173,518,176.0,494.0
174,559,166.0,562.0
170,610,166.0,568.0
174,618,170.0,575.0
175,47,174,14
179,66,176.0,34.0
179,90,176.0,50.0
177,149,175.0,116.0
175,152,172.0,120.0
176,281,176.0,238.0
179,349,175.0,305.0
175,415,172.0,371.0
176,466,173.0,437.0
175,494,173.0,466.0
179,516,174.0,495.0
176,532,167.0,497.0
176,565,174.0,596.0
176,597,172.0,555.0
179,609,173.0,567.0
180,51,180,18
180,61,175,20
180,66,180.0,33.0
180,78,185.0,107.0
184,94,184.0,51.0
181,111,180.0,71.0
184,116,183.0,75.0
181,122,185.0,117.0
182,294,179.0,251.0
184,313,181.0,269.0
181,319,178.0,275.0
181,425,180.0,423.0
181,445,178.0,402.0
183,459,180.0,426.0
183,489,180.0,447.0
182,522,185.0,479.0
180,528,178.0,485.0
180,544,178.0,512.0
183,568,179.0,535.0
183,597,179.0,555.0
184,618,181.0,576.0
187,42,186,10
187,59,183,27
186,121,184.0,80.0
186,146,186.0,130.0
187,237,179.0,208.0
189,294,184.0,251.0
189,329,186.0,284.0
189,365,187.0,321.0
189,372,185.0,327.0
185,421,181.0,378.0
186,445,184.0,402.0
187,450,184.0,407.0
188,528,184.0,484.0
188,541,184.0,509.0
188,559,184.0,526.0
189,564,180.0,531.0
188,597,184.0,555.0
188,608,184.0,566.0
189,618,187.0,576.0
191,66,189.0,33.0
191,94,190.0,51.0
191,95,189.0,55.0
194,104,192.0,63.0
192,126,193.0,92.0
194,138,192.0,96.0
194,175,192.0,139.0
192,294,189.0,251.0
194,356,191.0,314.0
192,426,190.0,428.0
192,434,189.0,430.0
192,435,190.0,392.0
192,472,189.0,435.0
191,478,188.0,440.0
193,500,189.0,459.0
191,542,188.0,509.0
191,545,188.0,512.0
194,559,190.0,527.0
194,597,191.0,555.0
192,624,188.0,582.0
196,47,205,14
197,96,196.0,54.0
199,103,197.0,62.0
199,118,197.0,78.0
195,144,193.0,104.0
195,164,194.0,123.0
199,233,197.0,190.0
199,244,190.0,210.0
196,294,194.0,251.0
198,309,195.0,264.0
199,317,196.0,272.0
196,322,194.0,276.0
198,434,206.0,440.0
196,477,192.0,434.0
199,546,190.0,522.0
197,556,199.0,514.0
200,90,200.0,54.0
202,122,200.0,80.0
201,195,200.0,169.0
204,206,202.0,174.0
200,289,202.0,247.0
201,294,197.0,251.0
203,313,201.0,269.0
202,346,200.0,302.0
204,429,200.0,382.0
204,436,199.0,386.0
204,465,195.0,426.0
200,489,197.0,455.0
202,503,197.0,470.0
202,564,198.0,530.0
202,568,198.0,535.0
200,607,194.0,565.0
205,51,204,19
206,57,205,24
208,89,206.0,47.0
208,97,212.0,54.0
207,106,205.0,66.0
206,165,204.0,125.0
209,215,204.0,160.0
208,286,204.0,243.0
207,320,205.0,275.0
207,346,205.0,303.0
208,356,205.0,322.0
208,374,205.0,340.0
208,415,205.0,380.0
208,421,204.0,378.0
209,552,205.0,519.0
208,557,204.0,524.0
206,597,201.0,555.0
205,607,202.0,565.0
207,617,205.0,575.0
210,83,209.0,43.0
213,86,213.0,45.0
211,137,209.0,96.0
210,167,206.0,117.0
211,180,209.0,140.0
213,191,211.0,152.0
210,198,206.0,147.0
212,205,212.0,177.0
214,252,212.0,209.0
212,329,209.0,285.0
213,370,216.0,356.0
210,405,207.0,372.0
210,435,207.0,400.0
214,457,211.0,425.0
213,551,210.0,516.0
212,572,218.0,569.0
210,578,206.0,541.0
214,597,210.0,555.0
214,616,210.0,574.0
210,629,206.0,588.0
216,42,216,10
219,86,218.0,45.0
218,138,216.0,98.0
217,162,214.0,120.0
217,167,215.0,125.0
217,179,215.0,139.0
217,187,215.0,147.0
219,245,216.0,204.0
218,289,216.0,246.0
215,294,212.0,251.0
215,309,212.0,264.0
218,366,215.0,399.0
218,474,215.0,440.0
218,559,214.0,526.0
215,611,221.0,598.0
218,629,214.0,588.0
223,90,224.0,53.0
222,98,220.0,57.0
222,139,220.0,98.0
222,161,220.0,120.0
224,187,222.0,144.0
224,190,221.0,150.0
224,215,222.0,175.0
223,290,220.0,247.0
223,301,220.0,257.0
222,317,219.0,273.0
222,380,219.0,336.0
223,444,220.0,409.0
221,449,217.0,415.0
224,465,221.0,431.0
224,473,221.0,439.0
224,493,216.0,456.0
223,540,215.0,510.0
224,605,220.0,563.0
221,610,225.0,602.0
224,629,220.0,588.0
225,33,223,14
227,49,227,15
228,55,227,22
227,95,225.0,54.0
228,102,226.0,56.0
225,109,225.0,79.0
226,154,224.0,113.0
227,161,226.0,120.0
228,167,226.0,125.0
226,175,221.0,126.0
228,189,226.0,149.0
229,212,228.0,171.0
228,415,224.0,386.0
226,436,223.0,400.0
229,446,224.0,415.0
229,544,226.0,504.0
226,559,223.0,527.0
227,587,222.0,545.0
228,601,224.0,559.0
228,624,223.0,583.0
234,65,232.0,27.0
232,202,230.0,163.0
234,280,232.0,237.0
230,429,227.0,386.0
230,516,226.0,475.0
230,557,226.0,524.0
234,576,230.0,534.0
234,597,230.0,555.0
230,612,226.0,569.0
231,615,227.0,573.0
238,61,236,20
237,101,235.0,55.0
236,329,233.0,284.0
235,380,232.0,355.0
235,404,232.0,383.0
238,412,234.0,394.0
237,465,234.0,422.0
237,533,233.0,491.0
237,540,233.0,496.0
235,594,232.0,551.0
239,596,235.0,554.0
238,624,234.0,582.0
241,88,239.0,46.0
240,93,239.0,52.0
241,111,239.0,70.0
240,124,238.0,82.0
240,131,238.0,90.0
240,140,238.0,98.0
240,145,238.0,104.0
240,185,238.0,144.0
240,191,238.0,149.0
240,197,238.0,155.0
240,200,238.0,196.0
241,400,238.0,380.0
241,425,238.0,425.0
243,495,239.0,450.0
242,500,239.0,456.0
242,511,239.0,470.0
240,523,236.0,480.0
240,530,237.0,485.0
243,535,239.0,491.0
243,545,239.0,502.0
240,574,236.0,532.0
242,580,238.0,537.0
244,595,240.0,553.0
244,615,239.0,573.0
245,57,243,16
245,81,243.0,40.0
245,90,243.0,49.0
245,95,243.0,56.0
245,104,243.0,63.0
245,107,243.0,65.0
245,111,243.0,71.0
249,132,247.0,91.0
246,137,244.0,119.0
248,204,246.0,162.0
245,211,243.0,168.0
246,239,244.0,220.0
248,245,246.0,209.0
246,274,244.0,231.0
246,412,243.0,376.0
249,427,245.0,426.0
247,446,244.0,398.0
248,453,245.0,411.0
247,465,244.0,420.0
248,569,245.0,529.0
248,605,245.0,563.0
253,159,251.0,127.0
252,415,260.0,405.0
254,447,250.0,422.0
251,523,248.0,476.0
254,600,250.0,558.0
250,615,245.0,573.0
255,71,252.0,26.0
255,128,254.0,87.0
256,134,254.0,92.0
257,164,255.0,123.0
258,166,256.0,136.0
256,217,253.0,174.0
259,294,257.0,252.0
257,312,255.0,268.0
258,457,255.0,413.0
258,465,255.0,417.0
257,495,254.0,452.0
259,520,256.0,477.0
255,528,252.0,485.0
258,533,255.0,490.0
258,538,255.0,532.0
258,586,254.0,546.0
255,610,253.0,569.0
262,24,262,46
261,60,259,12
261,83,259.0,42.0
260,94,252.0,65.0
261,103,259.0,62.0
261,134,259.0,91.0
261,139,259.0,97.0
261,148,259.0,134.0
262,185,260.0,143.0
260,220,258.0,178.0
263,233,261.0,190.0
260,287,259.0,244.0
263,515,260.0,472.0
263,535,260.0,490.0
263,541,260.0,500.0
263,549,260.0,505.0
261,553,258.0,510.0
262,568,258.0,526.0
262,588,258.0,545.0
260,599,260.0,557.0
264,602,260.0,560.0
264,611,259.0,568.0
261,615,255.0,573.0
263,624,260.0,582.0
269,51,267,10
269,59,267,19
269,62,267.0,22.0
269,79,267.0,37.0
269,104,268.0,75.0
266,108,264.0,67.0
265,136,263.0,95.0
266,228,263.0,185.0
266,289,264.0,247.0
269,380,267.0,407.0
265,418,262.0,374.0
269,420,267.0,451.0
267,436,265.0,444.0
267,464,264.0,419.0
265,479,262.0,436.0
265,484,262.0,441.0
268,503,265.0,460.0
267,522,264.0,480.0
265,584,262.0,539.0
269,613,263.0,571.0
270,220,268.0,178.0
274,237,272.0,194.0
274,471,271.0,427.0
274,500,271.0,456.0
273,599,270.0,558.0
270,624,266.0,582.0
277,52,275,10
279,67,277.0,25.0
279,74,277.0,32.0
279,83,277.0,41.0
279,103,277.0,62.0
279,123,277.0,78.0
277,129,276.0,87.0
279,145,277.0,103.0
277,155,275.0,111.0
277,161,275.0,117.0
279,166,277.0,125.0
277,174,275.0,134.0
277,178,275.0,136.0
277,185,275.0,142.0
279,234,277.0,190.0
279,249,277.0,207.0
279,442,276.0,471.0
279,451,276.0,406.0
278,480,275.0,439.0
275,504,271.0,460.0
279,539,276.0,494.0
278,586,275.0,545.0
284,54,282,14
284,80,282.0,53.0
284,86,282.0,44.0
284,115,282.0,72.0
284,165,281.0,155.0
283,191,281.0,136.0
283,212,280.0,197.0
284,385,281.0,380.0
281,415,278.0,380.0
283,444,279.0,483.0
283,455,280.0,410.0
282,464,279.0,415.0
283,470,280.0,415.0
280,503,277.0,465.0
283,527,279.0,542.0
283,585,279.0,586.0
283,612,279.0,570.0
285,125,283.0,79.0
286,208,283.0,218.0
285,358,282.0,320.0
288,560,284.0,573.0
287,618,283.0,583.0
287,622,283.0,612.0
291,577,287.0,598.0
290,602,286.0,592.0
295,44,292,63
299,57,298,31
295,234,292.0,268.0
295,404,293.0,370.0
299,564,295.0,618.0
299,625,295.0,591.0
300,517,296.0,554.0
300,534,296.0,571.0
300,591,296.0,581.0
300,595,296.0,577.0
307,58,305,19
307,63,305.0,22.0
307,76,305.0,34.0
307,83,305.0,47.0
307,112,305.0,69.0
307,130,305.0,88.0
307,286,304.0,244.0
306,547,303.0,505.0
306,564,303.0,519.0
306,569,303.0,529.0
306,579,303.0,532.0
314,33,312,73
313,65,311.0,21.0
314,73,312.0,29.0
313,85,311.0,42.0
314,121,311.0,76.0
314,126,312.0,83.0
314,133,312.0,89.0
314,420,310.0,464.0
313,566,309.0,520.0
312,596,309.0,551.0
316,25,315,15
316,60,314,15
317,78,315.0,33.0
317,89,315.0,44.0
316,102,314.0,58.0
319,111,316.0,69.0
317,122,315.0,77.0
317,130,315.0,85.0
319,170,316.0,124.0
317,244,315.0,197.0
318,263,316.0,216.0
316,304,313.0,259.0
316,334,313.0,289.0
316,355,313.0,308.0
316,360,313.0,314.0
319,375,316.0,328.0
315,405,312.0,359.0
316,429,312.0,471.0
318,453,315.0,407.0
316,456,312.0,455.0
316,471,313.0,442.0
315,476,312.0,429.0
315,485,312.0,447.0
318,494,315.0,446.0
318,505,315.0,458.0
316,544,313.0,498.0
316,552,313.0,507.0
316,569,312.0,524.0
316,584,312.0,540.0
316,601,313.0,556.0
324,44,322,97
324,61,322,17
324,75,322.0,31.0
323,103,320.0,59.0
322,112,320.0,67.0
324,115,322.0,71.0
324,121,321.0,76.0
322,128,321.0,94.0
322,148,320.0,102.0
322,162,320.0,117.0
323,181,321.0,135.0
320,207,317.0,161.0
324,213,322.0,167.0
322,224,320.0,179.0
322,269,320.0,223.0
322,276,320.0,230.0
323,295,320.0,261.0
320,310,317.0,264.0
321,319,318.0,273.0
320,326,317.0,280.0
322,330,320.0,282.0
321,344,318.0,296.0
320,348,317.0,302.0
324,350,321.0,303.0
322,358,319.0,312.0
324,389,321.0,348.0
320,409,317.0,362.0
321,414,317.0,367.0
321,427,317.0,380.0
320,442,316.0,396.0
323,449,318.0,417.0
323,494,320.0,447.0
324,497,321.0,451.0
324,501,321.0,455.0
324,514,321.0,468.0
320,524,317.0,479.0
320,547,316.0,504.0
320,563,316.0,516.0
324,565,321.0,519.0
320,577,316.0,609.0
320,580,316.0,535.0
322,599,319.0,554.0
323,609,319.0,563.0
329,61,327,19
329,69,327.0,24.0
329,78,327.0,34.0
329,99,327.0,54.0
329,107,327.0,62.0
327,192,325.0,147.0
328,221,326.0,175.0
327,254,324.0,208.0
326,275,323.0,229.0
327,288,324.0,241.0
325,292,322.0,246.0
327,298,324.0,251.0
325,311,323.0,266.0
327,319,324.0,273.0
327,324,324.0,277.0
325,366,322.0,319.0
327,371,324.0,324.0
329,444,326.0,398.0
329,456,326.0,409.0
329,465,326.0,420.0
329,481,326.0,434.0
329,485,326.0,439.0
329,494,326.0,448.0
328,554,324.0,509.0
333,53,331,14
333,80,331.0,35.0
333,88,331.0,43.0
333,120,331.0,75.0
333,134,331.0,90.0
330,412,327.0,365.0
334,425,331.0,379.0
334,441,331.0,394.0
333,449,330.0,404.0
333,454,330.0,409.0
333,500,330.0,455.0
332,595,328.0,550.0
332,624,329.0,593.0
335,216,332.0,170.0
335,270,332.0,225.0
339,350,336.0,305.0
338,355,335.0,313.0
339,373,336.0,329.0
335,426,330.0,481.0
339,431,335.0,385.0
339,519,336.0,474.0
339,525,336.0,479.0
338,552,335.0,509.0
337,570,334.0,528.0
337,576,334.0,533.0
338,581,335.0,539.0
336,598,333.0,553.0
341,96,339.0,54.0
341,124,339.0,81.0
341,130,340.0,86.0
342,165,339.0,115.0
341,178,339.0,135.0
342,183,339.0,141.0
340,189,338.0,145.0
344,214,342.0,171.0
342,235,340.0,191.0
342,244,340.0,197.0
340,275,337.0,230.0
344,294,341.0,249.0
341,303,339.0,257.0
343,312,340.0,268.0
342,317,351.0,272.0
342,327,338.0,283.0
341,351,339.0,352.0
343,362,340.0,318.0
343,367,340.0,322.0
343,391,340.0,354.0
340,405,337.0,358.0
341,438,338.0,394.0
341,465,338.0,420.0
340,483,337.0,439.0
344,489,341.0,446.0
341,494,338.0,453.0
341,509,338.0,465.0
344,517,341.0,470.0
342,555,339.0,515.0
341,577,338.0,534.0
343,597,339.0,554.0
341,609,338.0,565.0
341,618,338.0,575.0
340,624,335.0,583.0
345,59,343,15
347,69,345.0,26.0
346,82,343.0,39.0
347,87,345.0,44.0
346,95,344.0,53.0
347,103,345.0,61.0
346,123,344.0,81.0
349,135,346.0,93.0
347,164,344.0,120.0
346,175,347.0,127.0
347,185,344.0,142.0
347,193,344.0,150.0
348,215,356.0,220.0
345,224,343.0,180.0
349,226,347.0,182.0
348,233,346.0,189.0
345,240,343.0,200.0
346,249,344.0,206.0
347,260,344.0,215.0
345,274,342.0,229.0
348,279,345.0,235.0
348,290,345.0,245.0
348,300,345.0,255.0
348,314,339.0,270.0
347,322,344.0,277.0
345,349,342.0,304.0
345,371,342.0,326.0
345,375,342.0,330.0
345,409,342.0,364.0
345,410,342.0,365.0
345,415,343.0,373.0
345,425,342.0,381.0
345,435,342.0,392.0
346,447,343.0,401.0
346,473,343.0,430.0
348,488,345.0,443.0
346,506,343.0,464.0
346,535,343.0,493.0
347,548,344.0,504.0
347,552,343.0,506.0
347,559,344.0,515.0
347,573,344.0,530.0
348,577,343.0,535.0
348,590,345.0,545.0
349,605,345.0,561.0
346,621,342.0,578.0
351,90,349.0,47.0
351,130,349.0,88.0
352,143,349.0,100.0
354,207,351.0,164.0
354,215,352.0,170.0
354,221,352.0,178.0
352,233,350.0,189.0
354,261,351.0,219.0
354,266,351.0,220.0
354,279,351.0,234.0
354,326,351.0,281.0
354,337,352.0,292.0
354,342,351.0,297.0
352,349,349.0,304.0
351,357,349.0,312.0
351,370,348.0,326.0
351,383,348.0,339.0
350,389,347.0,344.0
351,395,349.0,365.0
351,402,349.0,372.0
353,414,350.0,365.0
352,430,349.0,386.0
351,473,348.0,429.0
351,478,348.0,435.0
350,503,346.0,460.0
350,515,347.0,470.0
353,530,350.0,485.0
350,535,347.0,490.0
353,554,349.0,511.0
352,565,348.0,520.0
354,592,351.0,548.0
350,600,347.0,558.0
357,31,362,69
359,52,359,93
357,58,355,16
358,64,356.0,21.0
357,66,355.0,25.0
356,75,354.0,30.0
358,125,356.0,80.0
356,173,354.0,130.0
356,180,347.0,150.0
356,186,354.0,143.0
358,204,355.0,159.0
358,245,355.0,201.0
356,251,353.0,206.0
357,265,355.0,215.0
355,290,352.0,245.0
357,305,355.0,262.0
355,311,352.0,266.0
358,315,355.0,270.0
357,346,354.0,300.0
356,354,353.0,309.0
356,358,353.0,313.0
355,365,352.0,320.0
355,377,352.0,332.0
355,383,352.0,337.0
359,446,356.0,399.0
358,471,355.0,427.0
355,481,352.0,435.0
356,497,353.0,455.0
357,515,354.0,470.0
357,535,354.0,493.0
359,540,355.0,495.0
356,546,353.0,504.0
357,556,354.0,515.0
356,570,352.0,585.0
359,584,356.0,540.0
361,16,361,31
362,68,361.0,24.0
364,83,362.0,40.0
363,88,360.0,46.0
361,96,359.0,53.0
361,101,360.0,58.0
360,106,357.0,65.0
363,120,361.0,78.0
360,129,358.0,87.0
364,136,361.0,93.0
361,153,360.0,111.0
361,167,358.0,124.0
362,174,359.0,131.0
360,187,358.0,144.0
364,203,361.0,161.0
363,236,360.0,192.0
364,240,362.0,196.0
364,255,361.0,211.0
360,296,356.0,255.0
363,301,361.0,256.0
362,336,359.0,290.0
361,349,358.0,305.0
362,378,360.0,334.0
360,383,357.0,339.0
360,388,357.0,344.0
364,409,356.0,366.0
364,428,362.0,384.0
362,475,359.0,431.0
361,509,358.0,464.0
361,535,358.0,493.0
362,562,359.0,518.0
364,574,360.0,529.0
360,601,357.0,555.0
367,56,365,15
366,97,364.0,54.0
368,122,364.0,80.0
367,184,364.0,141.0
367,189,364.0,146.0
365,192,363.0,150.0
365,209,364.0,229.0
369,218,366.0,174.0
365,280,362.0,234.0
367,291,364.0,247.0
365,345,362.0,299.0
365,358,362.0,314.0
365,371,362.0,328.0
366,390,363.0,344.0
368,402,364.0,399.0
367,417,364.0,375.0
367,438,364.0,393.0
367,500,364.0,447.0
366,508,363.0,464.0
366,541,363.0,496.0
369,579,366.0,539.0
370,42,368,11
371,104,369.0,74.0
371,159,369.0,141.0
371,180,369.0,155.0
372,263,369.0,219.0
372,314,369.0,269.0
372,342,369.0,298.0
372,360,369.0,317.0
372,370,369.0,324.0
372,404,369.0,370.0
372,424,369.0,379.0
372,431,369.0,395.0
371,457,368.0,413.0
371,476,367.0,500.0
371,493,368.0,447.0
371,510,368.0,465.0
371,520,368.0,475.0
378,586,375.0,552.0
375,594,372.0,559.0
375,605,372.0,570.0
383,51,381,21
384,81,382.0,50.0
381,95,380.0,62.0
382,113,380.0,82.0
383,121,381.0,90.0
382,151,380.0,120.0
383,517,380.0,486.0
383,531,380.0,501.0
382,592,379.0,559.0
380,609,375.0,569.0
382,617,378.0,580.0
381,622,378.0,585.0
386,64,384.0,35.0
387,88,384.0,58.0
386,104,384.0,74.0
388,108,386.0,78.0
385,117,384.0,87.0
387,148,385.0,118.0
385,187,382.0,156.0
386,205,383.0,174.0
385,223,383.0,192.0
385,226,382.0,195.0
388,232,385.0,201.0
385,236,385.0,205.0
386,258,383.0,227.0
387,278,385.0,247.0
387,292,384.0,261.0
387,300,384.0,269.0
389,314,394.0,309.0
385,327,383.0,295.0
388,337,390.0,383.0
386,352,383.0,321.0
386,368,383.0,336.0
386,371,383.0,340.0
386,379,383.0,347.0
385,391,382.0,359.0
387,399,384.0,368.0
385,405,382.0,373.0
388,456,385.0,465.0
385,476,381.0,444.0
387,497,383.0,466.0
385,502,381.0,470.0
389,530,394.0,525.0
385,552,382.0,521.0
386,561,382.0,529.0
388,595,383.0,560.0
385,603,388.0,580.0
388,619,380.0,570.0
386,624,382.0,584.0
392,62,391.0,31.0
392,67,391.0,36.0
394,77,392.0,47.0
391,82,389.0,51.0
393,104,391.0,74.0
392,108,390.0,78.0
393,144,392.0,113.0
394,168,393.0,136.0
393,175,391.0,144.0
394,181,392.0,151.0
392,224,390.0,193.0
392,232,390.0,200.0
390,248,388.0,218.0
392,252,388.0,221.0
392,292,389.0,260.0
391,296,388.0,265.0
391,315,389.0,310.0
390,325,387.0,294.0
394,330,389.0,321.0
394,354,390.0,322.0
392,362,389.0,331.0
394,396,390.0,364.0
391,406,388.0,375.0
390,433,387.0,402.0
394,437,385.0,482.0
390,526,386.0,495.0
391,536,388.0,505.0
391,547,389.0,516.0
391,559,389.0,528.0
390,564,386.0,533.0
390,590,389.0,560.0
393,596,391.0,563.0
392,601,387.0,625.0
394,626,394.0,595.0
395,34,386,62
399,46,396,15
397,53,401,27
399,76,397.0,46.0
396,88,395.0,56.0
399,90,396.0,61.0
397,104,395.0,74.0
399,113,397.0,82.0
399,134,397.0,103.0
395,150,392.0,168.0
397,210,396.0,179.0
398,232,395.0,200.0
397,245,395.0,214.0
395,262,392.0,230.0
398,279,395.0,248.0
395,321,400.0,316.0
398,341,406.0,309.0
399,375,397.0,345.0
396,404,393.0,373.0
399,406,396.0,375.0
399,475,397.0,444.0
395,495,392.0,463.0
397,526,393.0,495.0
397,539,393.0,508.0
397,543,393.0,512.0
395,583,392.0,551.0
396,592,393.0,559.0
395,599,393.0,567.0
399,615,394.0,575.0
397,626,398.0,589.0
400,49,400,18
403,64,400.0,34.0
400,72,398.0,42.0
403,85,400.0,54.0
403,108,401.0,78.0
404,119,401.0,88.0
403,138,400.0,108.0
400,143,398.0,112.0
401,146,396.0,115.0
400,160,397.0,129.0
403,197,399.0,168.0
402,236,396.0,205.0
402,264,400.0,233.0
404,270,401.0,239.0
404,281,401.0,250.0
400,290,397.0,259.0
403,320,399.0,315.0
404,345,399.0,391.0
402,353,399.0,322.0
403,364,401.0,332.0
402,388,399.0,356.0
404,428,401.0,396.0
402,430,399.0,399.0
404,463,401.0,432.0
400,526,396.0,495.0
400,543,396.0,512.0
402,551,398.0,520.0
403,577,404.0,545.0
403,617,403.0,585.0
409,60,407,30
409,74,407.0,45.0
409,85,407.0,55.0
407,108,408.0,103.0
406,162,403.0,131.0
406,174,404.0,143.0
406,190,404.0,160.0
405,231,402.0,200.0
409,249,407.0,219.0
405,250,403.0,219.0
408,267,405.0,236.0
406,271,404.0,240.0
408,276,405.0,245.0
405,286,402.0,255.0
406,333,402.0,302.0
405,337,401.0,383.0
406,370,403.0,338.0
408,390,405.0,358.0
408,396,405.0,365.0
409,459,405.0,428.0
408,462,406.0,431.0
406,471,402.0,440.0
408,480,405.0,448.0
409,487,406.0,456.0
405,500,402.0,469.0
405,526,400.0,495.0
409,532,404.0,500.0
405,543,400.0,512.0
406,551,402.0,520.0
409,565,406.0,534.0
407,591,407.0,559.0
405,621,399.0,580.0
414,58,412,26
410,99,407.0,68.0
411,108,409.0,78.0
412,120,410.0,90.0
411,144,409.0,113.0
410,160,407.0,129.0
410,181,407.0,150.0
411,186,408.0,155.0
410,196,408.0,164.0
413,205,411.0,174.0
410,217,408.0,186.0
410,226,407.0,195.0
412,264,410.0,233.0
412,290,409.0,260.0
412,296,410.0,265.0
411,352,408.0,321.0
414,357,410.0,325.0
411,394,408.0,363.0
410,402,407.0,372.0
410,418,410.0,413.0
410,428,406.0,397.0
413,434,409.0,402.0
410,471,407.0,440.0
414,479,411.0,449.0
414,488,411.0,456.0
413,509,408.0,479.0
410,551,407.0,520.0
411,560,407.0,529.0
410,571,406.0,540.0
415,146,413.0,115.0
416,157,414.0,126.0
416,162,414.0,131.0
417,176,414.0,146.0
416,184,413.0,154.0
417,192,414.0,161.0
417,197,414.0,167.0
415,221,412.0,191.0
415,228,413.0,197.0
417,277,414.0,247.0
417,287,414.0,256.0
415,294,413.0,263.0
415,324,412.0,292.0
416,363,413.0,332.0
416,383,413.0,352.0
416,387,413.0,356.0
419,439,415.0,484.0
419,495,415.0,520.0
419,506,416.0,469.0
418,530,414.0,530.0
418,557,415.0,526.0
416,579,414.0,547.0
418,593,414.0,560.0
420,108,418.0,120.0
420,118,418.0,134.0
420,452,417.0,397.0
420,458,417.0,403.0
423,533,420.0,487.0
424,580,420.0,547.0
423,600,419.0,567.0
423,607,419.0,577.0
429,85,427.0,102.0
425,109,423.0,124.0
429,113,427.0,83.0
425,122,423.0,142.0
427,233,424.0,222.0
426,272,423.0,258.0
426,279,423.0,274.0
426,301,423.0,299.0
425,351,422.0,320.0
426,377,423.0,359.0
429,475,425.0,484.0
425,546,422.0,502.0
425,586,425.0,554.0
430,40,425,10
431,65,429.0,65.0
432,116,430.0,85.0
431,135,428.0,130.0
431,195,429.0,194.0
431,233,428.0,226.0
431,255,428.0,252.0
431,264,428.0,264.0
431,279,428.0,279.0
430,415,427.0,411.0
430,425,427.0,424.0
430,439,426.0,455.0
430,465,426.0,487.0
430,510,426.0,506.0
430,527,426.0,514.0
432,565,429.0,535.0
430,580,430.0,548.0
439,51,438,20
438,88,436.0,33.0
439,142,434.0,131.0
436,151,433.0,120.0
436,228,433.0,224.0
436,249,433.0,248.0
436,279,433.0,269.0
436,281,433.0,273.0
436,319,433.0,293.0
436,370,433.0,340.0
435,395,432.0,385.0
435,418,431.0,431.0
435,438,431.0,463.0
437,441,433.0,477.0
435,466,430.0,515.0
439,521,435.0,524.0
439,546,435.0,530.0
435,550,429.0,580.0
435,574,430.0,542.0
436,575,435.0,543.0
439,582,435.0,550.0
435,609,432.0,587.0
438,617,433.0,581.0
441,74,440.0,116.0
441,82,432.0,94.0
441,92,432.0,77.0
441,120,439.0,101.0
443,172,441.0,162.0
443,224,440.0,193.0
441,253,438.0,229.0
443,257,440.0,225.0
443,264,440.0,239.0
443,296,440.0,265.0
440,346,437.0,314.0
442,377,439.0,365.0
442,414,439.0,393.0
441,438,438.0,442.0
440,515,437.0,482.0
444,538,439.0,590.0
444,575,441.0,608.0
441,589,436.0,556.0
442,593,439.0,561.0
440,598,435.0,566.0
443,627,439.0,597.0
449,58,447,25
447,75,445.0,77.0
448,97,446.0,59.0
446,402,443.0,385.0
446,438,443.0,444.0
447,462,444.0,469.0
448,544,445.0,503.0
448,549,445.0,518.0
451,104,449.0,70.0
451,141,449.0,134.0
450,225,447.0,230.0
450,268,446.0,270.0
450,305,445.0,360.0
454,351,451.0,340.0
451,444,448.0,475.0
453,557,449.0,526.0
453,577,450.0,545.0
452,593,448.0,561.0
452,609,448.0,594.0
459,40,456,10
457,48,455,25
457,54,455,23
457,64,455.0,32.0
457,84,455.0,54.0
457,122,454.0,90.0
457,138,454.0,87.0
455,190,452.0,159.0
459,217,456.0,185.0
459,250,456.0,204.0
459,319,456.0,294.0
457,331,454.0,298.0
459,377,457.0,345.0
457,383,454.0,358.0
456,423,453.0,387.0
455,427,452.0,395.0
457,466,454.0,421.0
456,510,453.0,470.0
456,538,453.0,505.0
459,545,454.0,595.0
459,588,455.0,555.0
455,624,452.0,589.0
462,94,462.0,46.0
462,170,459.0,128.0
460,252,457.0,198.0
460,260,458.0,211.0
460,272,457.0,239.0
460,358,456.0,386.0
460,415,457.0,382.0
461,422,458.0,391.0
460,521,469.0,529.0
460,564,457.0,531.0
463,567,460.0,534.0
462,576,460.0,544.0
463,584,460.0,553.0
460,622,456.0,589.0
469,119,465.0,86.0
467,165,461.0,161.0
466,174,465.0,188.0
465,198,465.0,168.0
467,449,465.0,451.0
465,469,464.0,490.0
465,521,462.0,484.0
466,529,462.0,518.0
465,533,465.0,523.0
467,542,463.0,510.0
466,547,460.0,588.0
469,583,466.0,550.0
469,601,466.0,567.0
467,609,468.0,575.0
466,622,457.0,629.0
13,132,11.0,91.0
14,147,12.0,106.0
14,167,12.0,126.0
19,64,18.0,23.0
15,81,13.0,40.0
16,112,14.0,71.0
17,120,15.0,80.0
15,153,13.0,112.0
18,159,16.0,118.0
18,182,16.0,141.0
15,194,13.0,153.0
15,208,13.0,168.0
19,215,17.0,174.0
18,258,15.0,217.0
18,266,15.0,225.0
19,496,16.0,458.0
15,504,18.0,496.0
16,552,12.0,514.0
24,103,22.0,65.0
24,127,22.0,90.0
23,297,21.0,253.0
24,400,20.0,363.0
23,419,29.0,376.0
23,437,15.0,401.0
23,549,19.0,512.0
26,32,22,55
26,111,25.0,73.0
27,219,24.0,186.0
25,335,23.0,291.0
27,341,23.0,297.0
29,435,35.0,393.0
29,453,26.0,416.0
25,526,21.0,489.0
34,107,32.0,69.0
32,355,29.0,322.0
33,420,33.0,381.0
34,482,43.0,440.0
32,559,27.0,522.0
32,577,37.0,537.0
32,621,34.0,579.0
39,49,37,17
36,77,30.0,33.0
35,177,33.0,138.0
39,187,38.0,150.0
37,202,35.0,162.0
36,571,40.0,523.0
41,93,39.0,55.0
41,127,39.0,89.0
44,176,42.0,137.0
41,180,40.0,142.0
42,285,39.0,269.0
49,68,47.0,30.0
48,96,46.0,58.0
49,106,47.0,68.0
46,113,45.0,76.0
45,215,39.0,178.0
45,245,53.0,207.0
45,310,54.0,261.0
45,334,47.0,389.0
46,414,54.0,371.0
45,454,38.0,417.0
49,525,50.0,487.0
49,552,46.0,515.0
53,186,51.0,148.0
50,194,48.0,158.0
54,206,52.0,169.0
54,337,55.0,292.0
51,388,48.0,351.0
53,440,58.0,400.0
50,452,49.0,413.0
54,542,50.0,504.0
59,65,58.0,29.0
57,124,55.0,87.0
56,148,54.0,111.0
57,155,55.0,118.0
59,181,57.0,143.0
57,330,54.0,286.0
57,409,60.0,368.0
56,451,53.0,472.0
58,473,49.0,438.0
55,557,51.0,520.0
58,608,53.0,565.0
60,53,58,16
63,84,61.0,46.0
62,102,60.0,65.0
64,111,62.0,77.0
61,145,59.0,108.0
60,186,58.0,148.0
61,268,59.0,226.0
61,288,59.0,244.0
64,339,71.0,295.0
60,384,61.0,345.0
61,458,58.0,420.0
60,528,66.0,488.0
61,534,57.0,497.0
63,550,59.0,513.0
67,57,66,20
69,161,67.0,125.0
69,185,67.0,147.0
69,191,67.0,153.0
67,257,64.0,210.0
66,319,59.0,274.0
65,496,61.0,458.0
68,506,66.0,468.0
69,609,78.0,601.0
74,77,72.0,40.0
70,127,68.0,90.0
72,167,70.0,131.0
70,209,68.0,172.0
70,269,67.0,226.0
74,519,74.0,516.0
72,628,68.0,586.0
78,199,76.0,162.0
78,322,77.0,278.0
79,425,75.0,387.0
75,498,69.0,461.0
79,593,75.0,551.0
79,625,75.0,583.0
84,61,82,23
83,84,81.0,46.0
80,175,74.0,206.0
84,270,82.0,227.0
82,301,79.0,258.0
84,342,81.0,298.0
80,382,77.0,345.0
84,477,81.0,440.0
85,13,93,28
89,49,87,12
87,142,85.0,100.0
86,152,84.0,111.0
87,163,85.0,121.0
85,540,81.0,502.0
86,622,82.0,580.0
93,101,92.0,61.0
93,136,92.0,94.0
91,148,89.0,107.0
94,158,92.0,117.0
93,212,91.0,170.0
93,295,90.0,253.0
92,356,89.0,337.0
93,397,89.0,413.0
91,432,88.0,390.0
90,450,85.0,421.0
90,490,87.0,531.0
97,89,95.0,48.0
96,126,94.0,85.0
95,184,93.0,143.0
95,197,93.0,155.0
95,284,93.0,241.0
99,449,96.0,439.0
95,458,91.0,474.0
97,544,93.0,524.0
98,560,101.0,517.0
96,589,92.0,547.0
95,620,90.0,578.0
96,629,93.0,588.0
104,63,102.0,21.0
101,112,99.0,73.0
102,142,99.0,104.0
103,350,101.0,306.0
105,86,103.0,46.0
109,121,107.0,82.0
108,418,105.0,465.0
105,429,102.0,410.0
108,595,104.0,553.0
114,80,111.0,40.0
114,95,112.0,55.0
110,107,108.0,67.0
114,150,112.0,113.0
113,168,111.0,130.0
113,228,109.0,217.0
112,277,110.0,235.0
114,294,111.0,251.0
111,403,106.0,434.0
114,533,111.0,501.0
114,624,119.0,599.0
116,144,114.0,106.0
115,320,112.0,274.0
119,335,116.0,291.0
118,440,115.0,397.0
117,570,111.0,604.0
120,95,119.0,59.0
122,312,119.0,268.0
123,361,121.0,319.0
122,626,118.0,583.0
129,124,127.0,90.0
128,290,125.0,247.0
126,296,123.0,253.0
127,338,124.0,294.0
125,526,119.0,527.0
127,572,123.0,539.0
133,54,132,20
131,90,130.0,109.0
131,109,130.0,74.0
130,158,125.0,144.0
130,257,128.0,215.0
134,269,132.0,226.0
133,306,130.0,261.0
133,394,129.0,387.0
133,447,129.0,413.0
131,487,128.0,439.0
130,496,127.0,444.0
132,621,127.0,579.0
139,65,137.0,32.0
137,77,135.0,45.0
136,225,134.0,202.0
138,245,136.0,197.0
137,360,134.0,327.0
142,54,140,21
144,145,141.0,112.0
141,303,139.0,259.0
143,408,145.0,378.0
143,461,141.0,458.0
141,535,138.0,502.0
140,553,140.0,520.0
140,627,136.0,584.0
148,107,146.0,74.0
149,354,146.0,321.0
146,529,142.0,496.0
147,611,146.0,568.0
151,56,149,24
151,100,149.0,68.0
151,116,148.0,152.0
152,322,154.0,278.0
153,513,149.0,480.0
150,595,157.0,553.0
152,621,149.0,578.0
156,107,153.0,138.0
158,122,154.0,165.0
155,140,152.0,123.0
159,176,157.0,143.0
157,189,155.0,156.0
159,242,157.0,213.0
157,269,155.0,226.0
159,293,159.0,249.0
159,298,156.0,255.0
157,410,154.0,377.0
158,430,155.0,395.0
157,485,154.0,493.0
157,555,153.0,522.0
163,45,162,12
162,50,161,18
163,69,161.0,37.0
161,154,159.0,122.0
163,227,160.0,199.0
163,276,161.0,233.0
161,325,168.0,281.0
160,340,157.0,295.0
160,500,157.0,460.0
165,167,163.0,134.0
165,393,161.0,373.0
169,429,165.0,387.0
165,481,162.0,449.0
168,545,171.0,599.0
165,605,157.0,579.0
168,613,159.0,570.0
173,47,171,15
174,321,171.0,357.0
171,406,166.0,363.0
173,456,169.0,424.0
172,529,169.0,483.0
175,61,181,29
178,107,176.0,68.0
175,276,174.0,234.0
178,314,186.0,325.0
179,326,176.0,282.0
179,432,186.0,386.0
175,476,172.0,445.0
177,494,174.0,460.0
175,624,170.0,582.0
180,50,178,18
182,104,180.0,64.0
183,288,183.0,246.0
180,296,178.0,253.0
183,303,182.0,259.0
180,394,178.0,368.0
183,608,179.0,566.0
188,115,186.0,74.0
187,455,184.0,425.0
186,552,183.0,519.0
187,628,182.0,586.0
191,48,192,16
194,62,193.0,30.0
190,87,188.0,47.0
191,119,190.0,79.0
191,120,190.0,80.0
192,168,190.0,135.0
190,237,188.0,197.0
193,365,191.0,322.0
194,410,192.0,366.0
191,441,188.0,397.0
192,506,188.0,483.0
192,562,188.0,529.0
194,599,189.0,556.0
193,618,190.0,576.0
198,202,192.0,209.0
195,327,192.0,283.0
197,608,192.0,566.0
203,107,201.0,66.0
203,121,201.0,79.0
204,130,202.0,89.0
200,146,198.0,105.0
203,162,201.0,122.0
202,474,202.0,434.0
200,505,196.0,472.0
204,567,200.0,534.0
202,607,198.0,565.0
206,50,204,18
207,100,205.0,59.0
206,171,204.0,131.0
207,212,203.0,167.0
206,296,203.0,253.0
209,342,206.0,298.0
205,414,202.0,380.0
209,536,205.0,505.0
206,623,200.0,581.0
212,117,210.0,76.0
212,143,210.0,102.0
210,224,208.0,189.0
211,240,208.0,198.0
212,282,210.0,239.0
214,335,212.0,291.0
212,477,211.0,435.0
212,527,209.0,482.0
216,73,214.0,33.0
216,103,214.0,62.0
218,113,216.0,72.0
215,153,213.0,112.0
217,156,215.0,114.0
215,248,212.0,215.0
216,323,214.0,279.0
215,368,219.0,361.0
219,509,223.0,463.0
217,561,212.0,529.0
219,625,225.0,583.0
224,127,222.0,87.0
223,148,221.0,107.0
223,198,221.0,157.0
224,237,222.0,195.0
221,251,219.0,210.0
222,292,219.0,249.0
223,304,220.0,259.0
224,366,220.0,323.0
222,373,217.0,391.0
220,424,218.0,384.0
220,458,217.0,424.0
220,519,218.0,477.0
224,578,222.0,542.0
224,621,232.0,602.0
227,141,225.0,99.0
225,175,223.0,134.0
226,208,224.0,167.0
229,226,226.0,185.0
226,390,222.0,376.0
226,438,224.0,404.0
229,599,225.0,556.0
232,62,230.0,21.0
232,86,231.0,46.0
231,171,229.0,131.0
231,181,229.0,141.0
234,200,231.0,159.0
231,236,228.0,194.0
234,258,231.0,212.0
232,400,229.0,378.0
234,522,230.0,479.0
231,543,232.0,597.0
232,605,229.0,564.0
236,111,234.0,69.0
236,121,234.0,76.0
237,136,235.0,95.0
235,194,232.0,153.0
236,210,233.0,167.0
236,246,234.0,205.0
239,273,237.0,230.0
237,285,234.0,242.0
236,320,234.0,276.0
239,398,236.0,358.0
235,431,231.0,389.0
237,440,234.0,396.0
239,459,236.0,415.0
235,570,232.0,530.0
240,56,238,14
243,67,241.0,64.0
242,205,240.0,163.0
241,264,239.0,223.0
241,300,236.0,257.0
241,312,238.0,268.0
242,328,239.0,284.0
242,347,239.0,303.0
243,382,240.0,337.0
240,479,242.0,427.0
242,546,239.0,503.0
241,554,237.0,511.0
241,595,236.0,552.0
249,93,247.0,51.0
247,533,243.0,490.0
249,569,246.0,526.0
253,250,258.0,221.0
253,310,250.0,266.0
251,331,248.0,287.0
250,438,247.0,394.0
251,595,248.0,553.0
252,626,247.0,584.0
257,221,254.0,178.0
259,282,257.0,239.0
258,296,255.0,253.0
258,411,255.0,367.0
257,481,259.0,508.0
263,314,260.0,270.0
260,509,256.0,465.0
264,531,261.0,487.0
260,604,258.0,561.0
264,614,260.0,572.0
266,90,264.0,51.0
266,427,263.0,383.0
266,453,264.0,409.0
268,517,264.0,478.0
266,622,263.0,581.0
274,48,273,70
270,72,268.0,31.0
273,97,271.0,56.0
270,103,268.0,61.0
272,191,270.0,149.0
274,245,272.0,202.0
272,277,269.0,235.0
274,376,271.0,375.0
271,464,268.0,420.0
273,478,270.0,459.0
272,490,269.0,435.0
272,572,269.0,530.0
271,592,267.0,549.0
273,597,270.0,555.0
271,611,268.0,569.0
279,143,277.0,101.0
279,151,277.0,109.0
275,362,272.0,319.0
276,446,273.0,403.0
275,507,271.0,465.0
283,18,281,73
280,39,279,60
282,66,279.0,16.0
282,166,280.0,124.0
283,338,280.0,296.0
283,358,280.0,345.0
282,455,279.0,410.0
284,515,280.0,520.0
283,591,279.0,572.0
286,84,284.0,43.0
285,288,282.0,245.0
288,305,285.0,308.0
294,55,292,44
294,260,291.0,249.0
294,276,291.0,257.0
293,398,290.0,379.0
292,438,289.0,411.0
292,479,289.0,436.0
292,487,289.0,444.0
292,495,289.0,452.0
292,503,289.0,460.0
292,543,288.0,556.0
292,583,288.0,580.0
292,599,288.0,604.0
299,29,297,18
298,60,296,26
295,78,293.0,36.0
299,91,297.0,49.0
298,122,296.0,80.0
295,156,293.0,113.0
295,164,292.0,169.0
298,193,295.0,222.0
298,266,295.0,255.0
298,306,295.0,303.0
295,317,292.0,298.0
295,341,292.0,314.0
298,412,295.0,368.0
297,436,294.0,393.0
297,444,294.0,401.0
296,604,292.0,609.0
309,149,307.0,106.0
309,202,306.0,242.0
306,280,303.0,256.0
309,306,306.0,316.0
309,365,306.0,321.0
309,425,306.0,383.0
307,434,303.0,481.0
309,602,305.0,618.0
310,115,308.0,73.0
313,156,311.0,125.0
310,191,308.0,147.0
312,229,310.0,228.0
310,307,307.0,263.0
310,351,307.0,307.0
310,416,307.0,373.0
314,524,311.0,479.0
310,532,307.0,487.0
310,565,305.0,610.0
315,83,313.0,39.0
318,128,315.0,137.0
318,312,315.0,266.0
317,500,314.0,454.0
316,575,312.0,530.0
316,605,312.0,560.0
317,612,314.0,612.0
321,114,319.0,69.0
321,134,319.0,89.0
323,146,321.0,101.0
324,157,321.0,111.0
323,169,320.0,124.0
321,188,318.0,143.0
320,243,316.0,217.0
320,272,318.0,225.0
323,293,321.0,247.0
322,342,320.0,295.0
322,377,319.0,330.0
324,392,321.0,346.0
322,413,319.0,366.0
322,450,319.0,404.0
321,523,317.0,484.0
323,560,320.0,515.0
321,574,318.0,529.0
321,589,317.0,581.0
323,606,320.0,561.0
326,43,324,11
326,73,324.0,29.0
326,85,324.0,41.0
325,107,322.0,62.0
325,176,322.0,130.0
327,230,325.0,184.0
325,303,322.0,257.0
325,325,322.0,279.0
326,362,323.0,316.0
327,408,324.0,391.0
327,475,324.0,428.0
328,516,325.0,470.0
329,554,326.0,509.0
330,68,328.0,23.0
331,119,329.0,109.0
332,170,329.0,134.0
331,296,329.0,249.0
333,386,330.0,339.0
330,395,327.0,348.0
333,502,330.0,461.0
330,594,327.0,553.0
339,138,337.0,96.0
337,275,334.0,324.0
335,453,332.0,416.0
335,482,332.0,439.0
338,546,335.0,502.0
341,55,339,12
340,112,338.0,69.0
344,296,341.0,252.0
341,329,338.0,285.0
341,343,338.0,298.0
344,354,342.0,309.0
343,435,340.0,390.0
340,513,336.0,466.0
340,519,337.0,475.0
348,67,346.0,24.0
346,106,343.0,63.0
345,133,341.0,90.0
349,162,346.0,118.0
347,173,345.0,130.0
346,234,343.0,191.0
346,329,343.0,286.0
346,361,343.0,317.0
346,406,344.0,362.0
346,464,342.0,418.0
345,475,342.0,431.0
354,52,356,89
352,76,351.0,34.0
351,87,347.0,43.0
352,117,350.0,74.0
351,124,350.0,81.0
353,152,351.0,109.0
353,231,351.0,188.0
354,291,351.0,248.0
353,426,349.0,384.0
354,458,352.0,413.0
352,470,349.0,424.0
354,610,345.0,560.0
359,57,356,15
359,85,356.0,42.0
356,205,354.0,162.0
358,334,355.0,289.0
356,370,353.0,325.0
359,512,356.0,467.0
356,620,352.0,577.0
362,69,360.0,26.0
362,166,354.0,114.0
362,185,359.0,140.0
363,194,360.0,150.0
362,232,359.0,188.0
364,281,361.0,237.0
363,290,360.0,245.0
364,298,360.0,268.0
360,323,357.0,278.0
361,421,358.0,376.0
363,437,359.0,391.0
361,520,358.0,475.0
362,591,358.0,594.0
367,51,364,10
366,130,364.0,86.0
367,207,364.0,164.0
367,220,365.0,176.0
365,316,357.0,333.0
366,342,363.0,297.0
367,506,363.0,520.0
365,513,361.0,468.0
367,525,364.0,482.0
368,629,364.0,587.0
372,93,370.0,42.0
373,174,371.0,164.0
372,194,369.0,151.0
374,254,371.0,210.0
374,295,371.0,274.0
372,368,369.0,323.0
371,383,368.0,340.0
370,392,367.0,347.0
371,452,368.0,409.0
374,481,370.0,437.0
370,487,367.0,443.0
370,558,367.0,507.0
378,46,377,14
375,61,373,31
379,67,376.0,38.0
379,150,376.0,111.0
378,227,376.0,196.0
377,233,375.0,201.0
378,311,375.0,279.0
379,337,376.0,306.0
379,388,376.0,356.0
379,408,376.0,376.0
378,415,375.0,383.0
376,468,373.0,458.0
379,490,376.0,468.0
376,543,373.0,512.0
377,559,374.0,528.0
376,568,371.0,599.0
375,581,372.0,548.0
382,75,380.0,44.0
382,175,380.0,144.0
381,183,379.0,152.0
382,252,379.0,221.0
381,274,378.0,242.0
381,284,378.0,252.0
384,354,381.0,323.0
381,365,378.0,334.0
384,371,381.0,340.0
381,606,378.0,571.0
380,626,375.0,585.0
389,29,386,66
389,268,386.0,236.0
389,310,386.0,278.0
389,316,386.0,285.0
387,388,383.0,358.0
385,401,382.0,370.0
385,577,382.0,544.0
389,584,386.0,551.0
394,132,391.0,101.0
394,269,391.0,238.0
391,286,388.0,255.0
391,293,388.0,261.0
393,356,391.0,325.0
393,377,390.0,346.0
392,457,390.0,465.0
394,514,392.0,483.0
393,613,390.0,575.0
398,139,395.0,108.0
396,148,399.0,162.0
395,168,392.0,137.0
398,205,389.0,201.0
396,259,393.0,228.0
396,281,393.0,250.0
398,328,396.0,297.0
398,349,395.0,318.0
399,371,396.0,339.0
397,413,392.0,382.0
396,529,395.0,498.0
398,603,396.0,570.0
401,23,395,23
403,43,400,12
402,70,399.0,40.0
403,136,400.0,106.0
403,184,401.0,152.0
403,251,400.0,219.0
404,287,395.0,267.0
404,317,401.0,286.0
401,463,398.0,432.0
400,487,397.0,456.0
401,499,402.0,532.0
402,572,399.0,541.0
402,611,399.0,575.0
405,118,403.0,87.0
406,126,404.0,95.0
405,165,402.0,134.0
408,219,405.0,188.0
408,227,406.0,196.0
409,266,406.0,235.0
407,277,404.0,246.0
409,471,406.0,440.0
406,525,402.0,494.0
405,617,402.0,580.0
413,200,410.0,169.0
412,209,405.0,205.0
414,325,411.0,294.0
410,427,407.0,395.0
413,447,410.0,416.0
412,564,409.0,534.0
417,152,415.0,145.0
415,165,413.0,135.0
416,288,414.0,257.0
418,361,415.0,329.0
416,412,412.0,380.0
416,487,413.0,455.0
417,509,414.0,477.0
419,520,416.0,489.0
418,538,415.0,508.0
419,546,414.0,578.0
416,574,412.0,542.0
423,102,421.0,138.0
422,111,420.0,106.0
422,156,420.0,208.0
421,313,418.0,282.0
422,318,419.0,287.0
424,325,421.0,294.0
421,345,418.0,313.0
421,398,417.0,437.0
421,422,418.0,390.0
421,443,418.0,412.0
420,449,417.0,417.0
421,514,417.0,483.0
429,397,426.0,373.0
425,576,420.0,543.0
426,583,423.0,550.0
434,161,442.0,114.0
430,178,428.0,207.0
432,288,429.0,293.0
430,342,427.0,317.0
430,360,427.0,359.0
434,387,431.0,381.0
430,405,427.0,391.0
433,597,430.0,564.0
435,58,431,51
438,308,435.0,292.0
435,366,432.0,335.0
438,402,434.0,401.0
435,578,433.0,546.0
440,111,436.0,146.0
441,128,439.0,98.0
442,155,440.0,174.0
442,421,439.0,472.0
440,460,437.0,429.0
449,183,446.0,213.0
445,210,442.0,180.0
448,255,445.0,253.0
454,216,451.0,241.0
450,277,446.0,275.0
451,290,447.0,287.0
450,447,447.0,437.0
451,559,447.0,527.0
451,596,445.0,563.0
458,101,456.0,70.0
455,144,453.0,111.0
459,279,456.0,247.0
456,321,453.0,309.0
455,545,452.0,506.0
457,581,453.0,548.0
461,69,458.0,53.0
461,124,466.0,173.0
461,247,458.0,215.0
467,271,465.0,265.0
466,368,466.0,357.0
467,506,467.0,495.0
10,89,10.0,134.0
12,129,10.0,79.0
14,157,12.0,116.0
13,161,11.0,120.0
14,186,12.0,145.0
13,211,11.0,170.0
13,338,11.0,295.0
13,363,16.0,313.0
13,416,10.0,379.0
14,440,14.0,401.0
13,583,10.0,541.0
15,50,15,17
15,79,13.0,39.0
16,109,14.0,63.0
17,149,15.0,109.0
17,164,15.0,123.0
15,221,13.0,185.0
17,245,15.0,204.0
15,262,12.0,222.0
19,273,16.0,230.0
16,280,13.0,237.0
19,384,10.0,340.0
18,457,14.0,420.0
16,524,13.0,508.0
16,539,22.0,499.0
19,568,14.0,531.0
19,581,16.0,540.0
15,588,10.0,546.0
16,604,11.0,562.0
15,620,17.0,578.0
22,44,15,11
22,59,21,19
22,86,20.0,45.0
24,112,22.0,64.0
22,147,20.0,114.0
23,152,21.0,106.0
21,180,19.0,139.0
20,188,18.0,147.0
21,192,20.0,160.0
21,228,19.0,190.0
21,251,19.0,210.0
24,275,22.0,231.0
23,289,18.0,247.0
21,320,19.0,278.0
24,334,29.0,290.0
23,345,18.0,301.0
22,392,18.0,352.0
21,407,15.0,371.0
20,448,25.0,408.0
23,453,23.0,414.0
22,466,15.0,430.0
23,472,28.0,439.0
21,522,17.0,485.0
21,533,12.0,497.0
21,544,16.0,507.0
21,575,30.0,535.0
22,594,17.0,551.0
22,600,16.0,557.0
23,607,14.0,602.0
24,626,16.0,584.0
29,70,29.0,32.0
25,103,24.0,73.0
29,105,28.0,67.0
27,121,25.0,83.0
27,135,26.0,105.0
25,203,23.0,168.0
25,304,23.0,259.0
27,357,24.0,336.0
29,362,26.0,319.0
29,398,26.0,360.0
26,455,20.0,418.0
26,553,22.0,515.0
25,598,22.0,555.0
25,606,23.0,564.0
34,48,33,15
31,86,29.0,48.0
34,90,32.0,52.0
30,128,26.0,90.0
32,138,30.0,97.0
30,160,28.0,117.0
30,169,28.0,129.0
32,172,30.0,134.0
30,200,27.0